           1   0.0000000000000000        0.0000000000000000            20362
           2   1.8018018018018018E-003   5.0000000000000000            20687
           3   3.6036036036036037E-003   16.000000000000000            21374
           4   5.4054054054054057E-003   24.000000000000000            21813
           5   7.2072072072072073E-003   30.000000000000000            22198
           6   9.0090090090090089E-003   45.000000000000000            23080
           7   1.0810810810810811E-002   46.000000000000000            23155
           8   1.2612612612612612E-002   47.000000000000000            23200
           9   1.4414414414414415E-002   48.000000000000000            23296
          10   1.6216216216216217E-002   53.000000000000000            23576
          11   1.8018018018018018E-002   59.000000000000000            23941
          12   1.9819819819819819E-002   61.000000000000000            24046
          13   2.1621621621621623E-002   62.000000000000000            24139
          14   2.3423423423423424E-002   64.000000000000000            24241
          15   2.5225225225225224E-002   65.000000000000000            24315
          16   2.7027027027027029E-002   65.000000000000000            24319
          17   2.8828828828828829E-002   69.000000000000000            24530
          18   3.0630630630630630E-002   70.000000000000000            24611
          19   3.2432432432432434E-002   70.000000000000000            24614
          20   3.4234234234234232E-002   76.000000000000000            24949
          21   3.6036036036036036E-002   76.000000000000000            24962
          22   3.7837837837837840E-002   76.000000000000000            24973
          23   3.9639639639639637E-002   77.000000000000000            25029
          24   4.1441441441441441E-002   78.000000000000000            25050
          25   4.3243243243243246E-002   81.000000000000000            25272
          26   4.5045045045045043E-002   82.000000000000000            25327
          27   4.6846846846846847E-002   89.000000000000000            25702
          28   4.8648648648648651E-002   90.000000000000000            25775
          29   5.0450450450450449E-002   90.000000000000000            25808
          30   5.2252252252252253E-002   90.000000000000000            25813
          31   5.4054054054054057E-002   90.000000000000000            25820
          32   5.5855855855855854E-002   91.000000000000000            25871
          33   5.7657657657657659E-002   92.000000000000000            25915
          34   5.9459459459459463E-002   94.000000000000000            26012
          35   6.1261261261261260E-002   95.000000000000000            26085
          36   6.3063063063063057E-002   96.000000000000000            26156
          37   6.4864864864864868E-002   97.000000000000000            26238
          38   6.6666666666666666E-002   97.000000000000000            26239
          39   6.8468468468468463E-002   99.000000000000000            26323
          40   7.0270270270270274E-002   100.00000000000000            26393
          41   7.2072072072072071E-002   101.00000000000000            26459
          42   7.3873873873873869E-002   102.00000000000000            26539
          43   7.5675675675675680E-002   103.00000000000000            26568
          44   7.7477477477477477E-002   104.00000000000000            26640
          45   7.9279279279279274E-002   105.00000000000000            26692
          46   8.1081081081081086E-002   106.00000000000000            26732
          47   8.2882882882882883E-002   106.00000000000000            26733
          48   8.4684684684684680E-002   107.00000000000000            26823
          49   8.6486486486486491E-002   108.00000000000000            26861
          50   8.8288288288288289E-002   109.00000000000000            26917
          51   9.0090090090090086E-002   111.00000000000000            27072
          52   9.1891891891891897E-002   113.00000000000000            27175
          53   9.3693693693693694E-002   113.00000000000000            27200
          54   9.5495495495495492E-002   113.00000000000000            27201
          55   9.7297297297297303E-002   114.00000000000000            27214
          56   9.9099099099099100E-002   115.00000000000000            27282
          57  0.10090090090090090        118.00000000000000            27449
          58  0.10270270270270271        118.00000000000000            27451
          59  0.10450450450450451        118.00000000000000            27459
          60  0.10630630630630630        119.00000000000000            27523
          61  0.10810810810810811        119.00000000000000            27543
          62  0.10990990990990991        120.00000000000000            27582
          63  0.11171171171171171        121.00000000000000            27666
          64  0.11351351351351352        124.00000000000000            27820
          65  0.11531531531531532        124.00000000000000            27831
          66  0.11711711711711711        125.00000000000000            27903
          67  0.11891891891891893        126.00000000000000            27924
          68  0.12072072072072072        126.00000000000000            27949
          69  0.12252252252252252        127.00000000000000            27985
          70  0.12432432432432433        127.00000000000000            28009
          71  0.12612612612612611        127.00000000000000            28018
          72  0.12792792792792793        131.00000000000000            28222
          73  0.12972972972972974        133.00000000000000            28354
          74  0.13153153153153152        133.00000000000000            28376
          75  0.13333333333333333        133.00000000000000            28386
          76  0.13513513513513514        133.00000000000000            28394
          77  0.13693693693693693        134.00000000000000            28440
          78  0.13873873873873874        134.00000000000000            28444
          79  0.14054054054054055        134.00000000000000            28449
          80  0.14234234234234233        135.00000000000000            28501
          81  0.14414414414414414        135.00000000000000            28514
          82  0.14594594594594595        137.00000000000000            28635
          83  0.14774774774774774        137.00000000000000            28636
          84  0.14954954954954955        138.00000000000000            28664
          85  0.15135135135135136        139.00000000000000            28744
          86  0.15315315315315314        139.00000000000000            28751
          87  0.15495495495495495        140.00000000000000            28800
          88  0.15675675675675677        141.00000000000000            28832
          89  0.15855855855855855        141.00000000000000            28866
          90  0.16036036036036036        144.00000000000000            29012
          91  0.16216216216216217        145.00000000000000            29072
          92  0.16396396396396395        145.00000000000000            29077
          93  0.16576576576576577        145.00000000000000            29099
          94  0.16756756756756758        145.00000000000000            29100
          95  0.16936936936936936        145.00000000000000            29101
          96  0.17117117117117117        145.00000000000000            29103
          97  0.17297297297297298        145.00000000000000            29105
          98  0.17477477477477477        146.00000000000000            29125
          99  0.17657657657657658        146.00000000000000            29177
         100  0.17837837837837839        148.00000000000000            29257
         101  0.18018018018018017        148.00000000000000            29280
         102  0.18198198198198198        149.00000000000000            29303
         103  0.18378378378378379        149.00000000000000            29348
         104  0.18558558558558558        150.00000000000000            29375
         105  0.18738738738738739        150.00000000000000            29376
         106  0.18918918918918920        150.00000000000000            29378
         107  0.19099099099099098        152.00000000000000            29488
         108  0.19279279279279279        153.00000000000000            29549
         109  0.19459459459459461        154.00000000000000            29621
         110  0.19639639639639639        155.00000000000000            29683
         111  0.19819819819819820        155.00000000000000            29708
         112  0.20000000000000001        157.00000000000000            29789
         113  0.20180180180180179        157.00000000000000            29795
         114  0.20360360360360361        157.00000000000000            29807
         115  0.20540540540540542        158.00000000000000            29876
         116  0.20720720720720720        158.00000000000000            29878
         117  0.20900900900900901        158.00000000000000            29889
         118  0.21081081081081082        159.00000000000000            29908
         119  0.21261261261261261        159.00000000000000            29926
         120  0.21441441441441442        159.00000000000000            29939
         121  0.21621621621621623        160.00000000000000            30019
         122  0.21801801801801801        161.00000000000000            30034
         123  0.21981981981981982        161.00000000000000            30051
         124  0.22162162162162163        162.00000000000000            30086
         125  0.22342342342342342        162.00000000000000            30095
         126  0.22522522522522523        162.00000000000000            30097
         127  0.22702702702702704        163.00000000000000            30179
         128  0.22882882882882882        164.00000000000000            30217
         129  0.23063063063063063        165.00000000000000            30286
         130  0.23243243243243245        167.00000000000000            30392
         131  0.23423423423423423        167.00000000000000            30430
         132  0.23603603603603604        168.00000000000000            30465
         133  0.23783783783783785        168.00000000000000            30469
         134  0.23963963963963963        168.00000000000000            30494
         135  0.24144144144144145        168.00000000000000            30496
         136  0.24324324324324326        169.00000000000000            30534
         137  0.24504504504504504        170.00000000000000            30569
         138  0.24684684684684685        171.00000000000000            30671
         139  0.24864864864864866        172.00000000000000            30692
         140  0.25045045045045045        172.00000000000000            30718
         141  0.25225225225225223        173.00000000000000            30759
         142  0.25405405405405407        173.00000000000000            30767
         143  0.25585585585585585        173.00000000000000            30774
         144  0.25765765765765763        174.00000000000000            30819
         145  0.25945945945945947        174.00000000000000            30820
         146  0.26126126126126126        175.00000000000000            30893
         147  0.26306306306306304        175.00000000000000            30898
         148  0.26486486486486488        176.00000000000000            30950
         149  0.26666666666666666        176.00000000000000            30962
         150  0.26846846846846845        178.00000000000000            31053
         151  0.27027027027027029        179.00000000000000            31119
         152  0.27207207207207207        179.00000000000000            31123
         153  0.27387387387387385        179.00000000000000            31136
         154  0.27567567567567569        179.00000000000000            31146
         155  0.27747747747747747        179.00000000000000            31158
         156  0.27927927927927926        180.00000000000000            31182
         157  0.28108108108108110        180.00000000000000            31213
         158  0.28288288288288288        181.00000000000000            31233
         159  0.28468468468468466        181.00000000000000            31235
         160  0.28648648648648650        181.00000000000000            31253
         161  0.28828828828828829        181.00000000000000            31255
         162  0.29009009009009007        181.00000000000000            31258
         163  0.29189189189189191        182.00000000000000            31296
         164  0.29369369369369369        182.00000000000000            31298
         165  0.29549549549549547        182.00000000000000            31329
         166  0.29729729729729731        183.00000000000000            31373
         167  0.29909909909909910        183.00000000000000            31393
         168  0.30090090090090088        183.00000000000000            31393
         169  0.30270270270270272        184.00000000000000            31454
         170  0.30450450450450450        185.00000000000000            31510
         171  0.30630630630630629        185.00000000000000            31516
         172  0.30810810810810813        186.00000000000000            31567
         173  0.30990990990990991        187.00000000000000            31606
         174  0.31171171171171169        188.00000000000000            31651
         175  0.31351351351351353        188.00000000000000            31684
         176  0.31531531531531531        190.00000000000000            31765
         177  0.31711711711711710        190.00000000000000            31772
         178  0.31891891891891894        190.00000000000000            31784
         179  0.32072072072072072        190.00000000000000            31800
         180  0.32252252252252250        190.00000000000000            31805
         181  0.32432432432432434        190.00000000000000            31821
         182  0.32612612612612613        191.00000000000000            31830
         183  0.32792792792792791        191.00000000000000            31865
         184  0.32972972972972975        191.00000000000000            31870
         185  0.33153153153153153        192.00000000000000            31891
         186  0.33333333333333331        192.00000000000000            31939
         187  0.33513513513513515        193.00000000000000            31952
         188  0.33693693693693694        194.00000000000000            32013
         189  0.33873873873873872        194.00000000000000            32019
         190  0.34054054054054056        195.00000000000000            32073
         191  0.34234234234234234        195.00000000000000            32099
         192  0.34414414414414413        195.00000000000000            32103
         193  0.34594594594594597        195.00000000000000            32105
         194  0.34774774774774775        196.00000000000000            32133
         195  0.34954954954954953        196.00000000000000            32174
         196  0.35135135135135137        196.00000000000000            32174
         197  0.35315315315315315        196.00000000000000            32175
         198  0.35495495495495494        197.00000000000000            32187
         199  0.35675675675675678        197.00000000000000            32188
         200  0.35855855855855856        197.00000000000000            32197
         201  0.36036036036036034        197.00000000000000            32219
         202  0.36216216216216218        197.00000000000000            32226
         203  0.36396396396396397        197.00000000000000            32226
         204  0.36576576576576575        198.00000000000000            32255
         205  0.36756756756756759        199.00000000000000            32340
         206  0.36936936936936937        199.00000000000000            32343
         207  0.37117117117117115        200.00000000000000            32383
         208  0.37297297297297299        200.00000000000000            32404
         209  0.37477477477477478        200.00000000000000            32409
         210  0.37657657657657656        201.00000000000000            32476
         211  0.37837837837837840        202.00000000000000            32534
         212  0.38018018018018018        202.00000000000000            32534
         213  0.38198198198198197        203.00000000000000            32543
         214  0.38378378378378381        204.00000000000000            32620
         215  0.38558558558558559        204.00000000000000            32623
         216  0.38738738738738737        204.00000000000000            32651
         217  0.38918918918918921        204.00000000000000            32659
         218  0.39099099099099099        205.00000000000000            32662
         219  0.39279279279279278        205.00000000000000            32675
         220  0.39459459459459462        208.00000000000000            32879
         221  0.39639639639639640        210.00000000000000            32984
         222  0.39819819819819818        212.00000000000000            33122
         223  0.40000000000000002        212.00000000000000            33124
         224  0.40180180180180181        213.00000000000000            33145
         225  0.40360360360360359        213.00000000000000            33188
         226  0.40540540540540543        214.00000000000000            33205
         227  0.40720720720720721        214.00000000000000            33255
         228  0.40900900900900899        214.00000000000000            33259
         229  0.41081081081081083        215.00000000000000            33263
         230  0.41261261261261262        215.00000000000000            33267
         231  0.41441441441441440        215.00000000000000            33288
         232  0.41621621621621624        216.00000000000000            33381
         233  0.41801801801801802        217.00000000000000            33425
         234  0.41981981981981981        217.00000000000000            33427
         235  0.42162162162162165        217.00000000000000            33429
         236  0.42342342342342343        218.00000000000000            33460
         237  0.42522522522522521        218.00000000000000            33474
         238  0.42702702702702705        218.00000000000000            33496
         239  0.42882882882882883        219.00000000000000            33506
         240  0.43063063063063062        219.00000000000000            33516
         241  0.43243243243243246        219.00000000000000            33517
         242  0.43423423423423424        219.00000000000000            33529
         243  0.43603603603603602        219.00000000000000            33546
         244  0.43783783783783786        220.00000000000000            33572
         245  0.43963963963963965        220.00000000000000            33616
         246  0.44144144144144143        221.00000000000000            33622
         247  0.44324324324324327        221.00000000000000            33629
         248  0.44504504504504505        221.00000000000000            33654
         249  0.44684684684684683        221.00000000000000            33657
         250  0.44864864864864867        221.00000000000000            33658
         251  0.45045045045045046        221.00000000000000            33672
         252  0.45225225225225224        221.00000000000000            33679
         253  0.45405405405405408        222.00000000000000            33699
         254  0.45585585585585586        222.00000000000000            33705
         255  0.45765765765765765        222.00000000000000            33710
         256  0.45945945945945948        222.00000000000000            33710
         257  0.46126126126126127        222.00000000000000            33710
         258  0.46306306306306305        222.00000000000000            33719
         259  0.46486486486486489        223.00000000000000            33767
         260  0.46666666666666667        223.00000000000000            33770
         261  0.46846846846846846        224.00000000000000            33813
         262  0.47027027027027030        224.00000000000000            33823
         263  0.47207207207207208        224.00000000000000            33836
         264  0.47387387387387386        224.00000000000000            33845
         265  0.47567567567567570        224.00000000000000            33856
         266  0.47747747747747749        225.00000000000000            33885
         267  0.47927927927927927        225.00000000000000            33886
         268  0.48108108108108111        226.00000000000000            33965
         269  0.48288288288288289        226.00000000000000            33970
         270  0.48468468468468467        228.00000000000000            34068
         271  0.48648648648648651        229.00000000000000            34123
         272  0.48828828828828830        229.00000000000000            34140
         273  0.49009009009009008        230.00000000000000            34193
         274  0.49189189189189192        230.00000000000000            34202
         275  0.49369369369369370        230.00000000000000            34216
         276  0.49549549549549549        230.00000000000000            34218
         277  0.49729729729729732        231.00000000000000            34236
         278  0.49909909909909911        231.00000000000000            34241
         279  0.50090090090090089        231.00000000000000            34242
         280  0.50270270270270268        232.00000000000000            34299
         281  0.50450450450450446        232.00000000000000            34309
         282  0.50630630630630635        232.00000000000000            34320
         283  0.50810810810810814        232.00000000000000            34335
         284  0.50990990990990992        232.00000000000000            34339
         285  0.51171171171171170        233.00000000000000            34357
         286  0.51351351351351349        234.00000000000000            34441
         287  0.51531531531531527        234.00000000000000            34461
         288  0.51711711711711716        236.00000000000000            34522
         289  0.51891891891891895        236.00000000000000            34523
         290  0.52072072072072073        236.00000000000000            34524
         291  0.52252252252252251        236.00000000000000            34525
         292  0.52432432432432430        236.00000000000000            34530
         293  0.52612612612612608        236.00000000000000            34541
         294  0.52792792792792798        236.00000000000000            34546
         295  0.52972972972972976        236.00000000000000            34573
         296  0.53153153153153154        236.00000000000000            34576
         297  0.53333333333333333        237.00000000000000            34584
         298  0.53513513513513511        239.00000000000000            34725
         299  0.53693693693693689        239.00000000000000            34744
         300  0.53873873873873879        240.00000000000000            34785
         301  0.54054054054054057        240.00000000000000            34786
         302  0.54234234234234235        240.00000000000000            34802
         303  0.54414414414414414        241.00000000000000            34841
         304  0.54594594594594592        242.00000000000000            34927
         305  0.54774774774774770        243.00000000000000            34944
         306  0.54954954954954960        243.00000000000000            34991
         307  0.55135135135135138        243.00000000000000            34993
         308  0.55315315315315317        244.00000000000000            35027
         309  0.55495495495495495        244.00000000000000            35050
         310  0.55675675675675673        245.00000000000000            35078
         311  0.55855855855855852        245.00000000000000            35104
         312  0.56036036036036041        245.00000000000000            35108
         313  0.56216216216216219        245.00000000000000            35117
         314  0.56396396396396398        245.00000000000000            35117
         315  0.56576576576576576        245.00000000000000            35119
         316  0.56756756756756754        245.00000000000000            35120
         317  0.56936936936936933        245.00000000000000            35120
         318  0.57117117117117122        246.00000000000000            35122
         319  0.57297297297297300        246.00000000000000            35146
         320  0.57477477477477479        246.00000000000000            35160
         321  0.57657657657657657        246.00000000000000            35176
         322  0.57837837837837835        247.00000000000000            35190
         323  0.58018018018018014        247.00000000000000            35215
         324  0.58198198198198203        247.00000000000000            35232
         325  0.58378378378378382        249.00000000000000            35325
         326  0.58558558558558560        250.00000000000000            35392
         327  0.58738738738738738        250.00000000000000            35412
         328  0.58918918918918917        251.00000000000000            35440
         329  0.59099099099099095        252.00000000000000            35494
         330  0.59279279279279284        252.00000000000000            35499
         331  0.59459459459459463        252.00000000000000            35517
         332  0.59639639639639641        252.00000000000000            35518
         333  0.59819819819819819        252.00000000000000            35525
         334  0.59999999999999998        253.00000000000000            35592
         335  0.60180180180180176        253.00000000000000            35595
         336  0.60360360360360366        254.00000000000000            35626
         337  0.60540540540540544        254.00000000000000            35644
         338  0.60720720720720722        254.00000000000000            35649
         339  0.60900900900900901        254.00000000000000            35650
         340  0.61081081081081079        254.00000000000000            35652
         341  0.61261261261261257        255.00000000000000            35685
         342  0.61441441441441447        255.00000000000000            35710
         343  0.61621621621621625        255.00000000000000            35718
         344  0.61801801801801803        256.00000000000000            35722
         345  0.61981981981981982        256.00000000000000            35740
         346  0.62162162162162160        256.00000000000000            35756
         347  0.62342342342342338        256.00000000000000            35759
         348  0.62522522522522528        257.00000000000000            35789
         349  0.62702702702702706        257.00000000000000            35813
         350  0.62882882882882885        257.00000000000000            35835
         351  0.63063063063063063        258.00000000000000            35873
         351  0.63063063063063063        258.00000000000000            35873
         353  0.63423423423423420        258.00000000000000            35891
         354  0.63603603603603609        259.00000000000000            35918
         355  0.63783783783783787        259.00000000000000            35919
         356  0.63963963963963966        259.00000000000000            35924
         357  0.64144144144144144        259.00000000000000            35925
         358  0.64324324324324322        259.00000000000000            35948
         359  0.64504504504504501        260.00000000000000            35983
         360  0.64684684684684690        260.00000000000000            35994
         361  0.64864864864864868        260.00000000000000            35995
         362  0.65045045045045047        261.00000000000000            36060
         363  0.65225225225225225        261.00000000000000            36069
         364  0.65405405405405403        262.00000000000000            36097
         365  0.65585585585585582        262.00000000000000            36120
         366  0.65765765765765771        263.00000000000000            36147
         367  0.65945945945945950        263.00000000000000            36151
         368  0.66126126126126128        264.00000000000000            36256
         369  0.66306306306306306        265.00000000000000            36272
         370  0.66486486486486485        265.00000000000000            36288
         371  0.66666666666666663        265.00000000000000            36316
         372  0.66846846846846841        266.00000000000000            36337
         373  0.67027027027027031        266.00000000000000            36345
         374  0.67207207207207209        266.00000000000000            36370
         375  0.67387387387387387        267.00000000000000            36431
         376  0.67567567567567566        268.00000000000000            36459
         377  0.67747747747747744        268.00000000000000            36473
         378  0.67927927927927922        270.00000000000000            36589
         379  0.68108108108108112        270.00000000000000            36614
         380  0.68288288288288290        271.00000000000000            36633
         381  0.68468468468468469        271.00000000000000            36665
         382  0.68648648648648647        273.00000000000000            36747
         383  0.68828828828828825        273.00000000000000            36751
         384  0.69009009009009004        273.00000000000000            36790
         385  0.69189189189189193        274.00000000000000            36811
         386  0.69369369369369371        275.00000000000000            36900
         387  0.69549549549549550        275.00000000000000            36911
         388  0.69729729729729728        276.00000000000000            36964
         389  0.69909909909909906        277.00000000000000            36990
         390  0.70090090090090085        278.00000000000000            37052
         391  0.70270270270270274        278.00000000000000            37058
         392  0.70450450450450453        278.00000000000000            37074
         393  0.70630630630630631        278.00000000000000            37089
         394  0.70810810810810809        279.00000000000000            37156
         395  0.70990990990990988        281.00000000000000            37228
         396  0.71171171171171166        281.00000000000000            37247
         397  0.71351351351351355        281.00000000000000            37279
         398  0.71531531531531534        282.00000000000000            37282
         399  0.71711711711711712        282.00000000000000            37292
         400  0.71891891891891890        282.00000000000000            37305
         401  0.72072072072072069        282.00000000000000            37330
         402  0.72252252252252247        282.00000000000000            37331
         403  0.72432432432432436        283.00000000000000            37352
         404  0.72612612612612615        284.00000000000000            37405
         405  0.72792792792792793        285.00000000000000            37462
         406  0.72972972972972971        285.00000000000000            37474
         407  0.73153153153153150        285.00000000000000            37511
         408  0.73333333333333328        285.00000000000000            37516
         409  0.73513513513513518        286.00000000000000            37528
         410  0.73693693693693696        286.00000000000000            37532
         411  0.73873873873873874        286.00000000000000            37563
         412  0.74054054054054053        287.00000000000000            37608
         413  0.74234234234234231        287.00000000000000            37631
         414  0.74414414414414409        287.00000000000000            37633
         415  0.74594594594594599        288.00000000000000            37672
         416  0.74774774774774777        288.00000000000000            37673
         417  0.74954954954954955        289.00000000000000            37726
         418  0.75135135135135134        289.00000000000000            37739
         419  0.75315315315315312        289.00000000000000            37749
         420  0.75495495495495490        289.00000000000000            37752
         421  0.75675675675675680        290.00000000000000            37797
         422  0.75855855855855858        290.00000000000000            37814
         423  0.76036036036036037        290.00000000000000            37815
         424  0.76216216216216215        291.00000000000000            37831
         425  0.76396396396396393        291.00000000000000            37873
         426  0.76576576576576572        293.00000000000000            37949
         427  0.76756756756756761        293.00000000000000            37958
         428  0.76936936936936939        293.00000000000000            37959
         429  0.77117117117117118        293.00000000000000            37968
         430  0.77297297297297296        294.00000000000000            38054
         431  0.77477477477477474        294.00000000000000            38061
         432  0.77657657657657653        295.00000000000000            38093
         433  0.77837837837837842        295.00000000000000            38117
         434  0.78018018018018020        296.00000000000000            38138
         435  0.78198198198198199        296.00000000000000            38148
         436  0.78378378378378377        297.00000000000000            38225
         437  0.78558558558558556        299.00000000000000            38302
         438  0.78738738738738734        299.00000000000000            38310
         439  0.78918918918918923        299.00000000000000            38320
         440  0.79099099099099102        299.00000000000000            38338
         441  0.79279279279279280        300.00000000000000            38373
         442  0.79459459459459458        301.00000000000000            38472
         443  0.79639639639639637        302.00000000000000            38509
         444  0.79819819819819815        303.00000000000000            38548
         445  0.80000000000000004        303.00000000000000            38595
         446  0.80180180180180183        304.00000000000000            38617
         447  0.80360360360360361        304.00000000000000            38641
         448  0.80540540540540539        308.00000000000000            38850
         449  0.80720720720720718        309.00000000000000            38916
         450  0.80900900900900896        309.00000000000000            38924
         451  0.81081081081081086        309.00000000000000            38924
         452  0.81261261261261264        309.00000000000000            38930
         453  0.81441441441441442        309.00000000000000            38931
         454  0.81621621621621621        311.00000000000000            39027
         455  0.81801801801801799        311.00000000000000            39077
         456  0.81981981981981977        312.00000000000000            39094
         457  0.82162162162162167        312.00000000000000            39095
         458  0.82342342342342345        313.00000000000000            39150
         459  0.82522522522522523        313.00000000000000            39160
         460  0.82702702702702702        314.00000000000000            39208
         461  0.82882882882882880        315.00000000000000            39263
         462  0.83063063063063058        315.00000000000000            39270
         463  0.83243243243243248        315.00000000000000            39317
         464  0.83423423423423426        316.00000000000000            39357
         465  0.83603603603603605        316.00000000000000            39364
         466  0.83783783783783783        317.00000000000000            39417
         467  0.83963963963963961        318.00000000000000            39475
         468  0.84144144144144140        318.00000000000000            39477
         469  0.84324324324324329        318.00000000000000            39479
         470  0.84504504504504507        319.00000000000000            39525
         471  0.84684684684684686        321.00000000000000            39631
         472  0.84864864864864864        322.00000000000000            39714
         473  0.85045045045045042        323.00000000000000            39758
         474  0.85225225225225221        323.00000000000000            39801
         475  0.85405405405405410        326.00000000000000            39955
         476  0.85585585585585588        327.00000000000000            40031
         477  0.85765765765765767        328.00000000000000            40054
         478  0.85945945945945945        328.00000000000000            40087
         479  0.86126126126126124        329.00000000000000            40129
         480  0.86306306306306302        330.00000000000000            40175
         481  0.86486486486486491        330.00000000000000            40212
         482  0.86666666666666670        330.00000000000000            40221
         483  0.86846846846846848        331.00000000000000            40230
         484  0.87027027027027026        331.00000000000000            40237
         485  0.87207207207207205        331.00000000000000            40237
         486  0.87387387387387383        331.00000000000000            40279
         487  0.87567567567567572        333.00000000000000            40345
         488  0.87747747747747751        333.00000000000000            40345
         489  0.87927927927927929        333.00000000000000            40350
         490  0.88108108108108107        333.00000000000000            40399
         491  0.88288288288288286        334.00000000000000            40419
         492  0.88468468468468464        334.00000000000000            40420
         493  0.88648648648648654        334.00000000000000            40421
         494  0.88828828828828832        336.00000000000000            40551
         495  0.89009009009009010        339.00000000000000            40707
         496  0.89189189189189189        340.00000000000000            40788
         497  0.89369369369369367        340.00000000000000            40819
         498  0.89549549549549545        342.00000000000000            40901
         499  0.89729729729729735        342.00000000000000            40912
         500  0.89909909909909913        344.00000000000000            41019
         501  0.90090090090090091        344.00000000000000            41051
         502  0.90270270270270270        347.00000000000000            41195
         503  0.90450450450450448        347.00000000000000            41197
         504  0.90630630630630626        347.00000000000000            41198
         505  0.90810810810810816        347.00000000000000            41202
         506  0.90990990990990994        353.00000000000000            41580
         507  0.91171171171171173        353.00000000000000            41581
         508  0.91351351351351351        354.00000000000000            41622
         509  0.91531531531531529        355.00000000000000            41696
         510  0.91711711711711708        356.00000000000000            41752
         511  0.91891891891891897        356.00000000000000            41763
         512  0.92072072072072075        357.00000000000000            41838
         513  0.92252252252252254        358.00000000000000            41898
         514  0.92432432432432432        358.00000000000000            41899
         515  0.92612612612612610        359.00000000000000            41944
         516  0.92792792792792789        360.00000000000000            41967
         517  0.92972972972972978        363.00000000000000            42174
         518  0.93153153153153156        363.00000000000000            42196
         519  0.93333333333333335        367.00000000000000            42441
         520  0.93513513513513513        371.00000000000000            42628
         521  0.93693693693693691        372.00000000000000            42701
         522  0.93873873873873870        373.00000000000000            42762
         523  0.94054054054054059        375.00000000000000            42899
         524  0.94234234234234238        379.00000000000000            43116
         525  0.94414414414414416        381.00000000000000            43257
         526  0.94594594594594594        385.00000000000000            43496
         527  0.94774774774774773        386.00000000000000            43536
         528  0.94954954954954951        390.00000000000000            43784
         529  0.95135135135135140        390.00000000000000            43786
         530  0.95315315315315319        391.00000000000000            43856
         531  0.95495495495495497        392.00000000000000            43902
         532  0.95675675675675675        403.00000000000000            44559
         533  0.95855855855855854        403.00000000000000            44562
         534  0.96036036036036032        403.00000000000000            44596
         535  0.96216216216216222        403.00000000000000            44601
         536  0.96396396396396400        408.00000000000000            44871
         537  0.96576576576576578        409.00000000000000            44928
         538  0.96756756756756757        412.00000000000000            45102
         539  0.96936936936936935        415.00000000000000            45264
         540  0.97117117117117113        416.00000000000000            45339
         541  0.97297297297297303        420.00000000000000            45592
         542  0.97477477477477481        422.00000000000000            45702
         543  0.97657657657657659        424.00000000000000            45817
         544  0.97837837837837838        424.00000000000000            45852
         545  0.98018018018018016        428.00000000000000            46043
         546  0.98198198198198194        428.00000000000000            46046
         547  0.98378378378378384        428.00000000000000            46047
         548  0.98558558558558562        428.00000000000000            46066
         549  0.98738738738738741        430.00000000000000            46203
         550  0.98918918918918919        431.00000000000000            46222
         551  0.99099099099099097        431.00000000000000            46223
         552  0.99279279279279276        432.00000000000000            46292
         553  0.99459459459459465        432.00000000000000            46322
         554  0.99639639639639643        438.00000000000000            46667
         555  0.99819819819819822        448.00000000000000            47271
