           1   0.0000000000000000        0.0000000000000000            24124
           2   4.9019607843137254E-003   5.0000000000000000            24453
           3   9.8039215686274508E-003   15.000000000000000            25035
           4   1.4705882352941176E-002   18.000000000000000            25256
           5   1.9607843137254902E-002   27.000000000000000            25784
           6   2.4509803921568627E-002   36.000000000000000            26315
           7   2.9411764705882353E-002   39.000000000000000            26504
           8   3.4313725490196081E-002   47.000000000000000            26961
           9   3.9215686274509803E-002   73.000000000000000            28521
          10   4.4117647058823532E-002   76.000000000000000            28739
          11   4.9019607843137254E-002   79.000000000000000            28914
          12   5.3921568627450983E-002   80.000000000000000            28982
          13   5.8823529411764705E-002   82.000000000000000            29067
          14   6.3725490196078427E-002   84.000000000000000            29194
          15   6.8627450980392163E-002   96.000000000000000            29915
          16   7.3529411764705885E-002   97.000000000000000            29960
          17   7.8431372549019607E-002   103.00000000000000            30308
          18   8.3333333333333329E-002   104.00000000000000            30398
          19   8.8235294117647065E-002   108.00000000000000            30628
          20   9.3137254901960786E-002   109.00000000000000            30704
          21   9.8039215686274508E-002   114.00000000000000            30970
          22  0.10294117647058823        114.00000000000000            30984
          23  0.10784313725490197        118.00000000000000            31259
          24  0.11274509803921569        119.00000000000000            31293
          25  0.11764705882352941        123.00000000000000            31530
          26  0.12254901960784313        126.00000000000000            31741
          27  0.12745098039215685        126.00000000000000            31742
          28  0.13235294117647059        131.00000000000000            32000
          29  0.13725490196078433        132.00000000000000            32065
          30  0.14215686274509803        132.00000000000000            32074
          31  0.14705882352941177        138.00000000000000            32430
          32  0.15196078431372548        140.00000000000000            32571
          33  0.15686274509803921        140.00000000000000            32583
          34  0.16176470588235295        143.00000000000000            32757
          35  0.16666666666666666        144.00000000000000            32798
          36  0.17156862745098039        161.00000000000000            33823
          37  0.17647058823529413        162.00000000000000            33884
          38  0.18137254901960784        163.00000000000000            33920
          39  0.18627450980392157        169.00000000000000            34289
          40  0.19117647058823528        173.00000000000000            34553
          41  0.19607843137254902        176.00000000000000            34733
          42  0.20098039215686275        177.00000000000000            34762
          43  0.20588235294117646        177.00000000000000            34772
          44  0.21078431372549020        177.00000000000000            34795
          45  0.21568627450980393        178.00000000000000            34837
          46  0.22058823529411764        179.00000000000000            34910
          47  0.22549019607843138        183.00000000000000            35121
          48  0.23039215686274508        186.00000000000000            35306
          49  0.23529411764705882        187.00000000000000            35368
          50  0.24019607843137256        187.00000000000000            35371
          51  0.24509803921568626        187.00000000000000            35379
          52  0.25000000000000000        188.00000000000000            35457
          53  0.25490196078431371        189.00000000000000            35490
          54  0.25980392156862747        189.00000000000000            35516
          55  0.26470588235294118        195.00000000000000            35832
          56  0.26960784313725489        197.00000000000000            35944
          57  0.27450980392156865        197.00000000000000            35958
          58  0.27941176470588236        198.00000000000000            36055
          59  0.28431372549019607        199.00000000000000            36081
          60  0.28921568627450983        200.00000000000000            36146
          61  0.29411764705882354        204.00000000000000            36423
          62  0.29901960784313725        205.00000000000000            36473
          63  0.30392156862745096        211.00000000000000            36821
          64  0.30882352941176472        211.00000000000000            36825
          65  0.31372549019607843        215.00000000000000            37027
          66  0.31862745098039214        216.00000000000000            37100
          67  0.32352941176470590        217.00000000000000            37193
          68  0.32843137254901961        222.00000000000000            37446
          69  0.33333333333333331        222.00000000000000            37483
          70  0.33823529411764708        222.00000000000000            37493
          71  0.34313725490196079        224.00000000000000            37598
          72  0.34803921568627449        224.00000000000000            37605
          73  0.35294117647058826        226.00000000000000            37718
          74  0.35784313725490197        226.00000000000000            37723
          75  0.36274509803921567        229.00000000000000            37864
          76  0.36764705882352944        229.00000000000000            37885
          77  0.37254901960784315        230.00000000000000            37956
          78  0.37745098039215685        232.00000000000000            38044
          79  0.38235294117647056        233.00000000000000            38113
          80  0.38725490196078433        235.00000000000000            38227
          81  0.39215686274509803        238.00000000000000            38441
          82  0.39705882352941174        239.00000000000000            38469
          83  0.40196078431372551        240.00000000000000            38553
          84  0.40686274509803921        241.00000000000000            38607
          85  0.41176470588235292        241.00000000000000            38630
          86  0.41666666666666669        242.00000000000000            38645
          87  0.42156862745098039        242.00000000000000            38671
          88  0.42647058823529410        244.00000000000000            38788
          89  0.43137254901960786        248.00000000000000            39034
          90  0.43627450980392157        252.00000000000000            39270
          91  0.44117647058823528        252.00000000000000            39289
          92  0.44607843137254904        253.00000000000000            39362
          93  0.45098039215686275        257.00000000000000            39563
          94  0.45588235294117646        257.00000000000000            39565
          95  0.46078431372549017        263.00000000000000            39940
          96  0.46568627450980393        264.00000000000000            39986
          97  0.47058823529411764        264.00000000000000            39987
          98  0.47549019607843135        265.00000000000000            40024
          99  0.48039215686274511        266.00000000000000            40134
         100  0.48529411764705882        266.00000000000000            40134
         101  0.49019607843137253        266.00000000000000            40135
         102  0.49509803921568629        266.00000000000000            40143
         103  0.50000000000000000        269.00000000000000            40322
         104  0.50490196078431371        270.00000000000000            40343
         105  0.50980392156862742        271.00000000000000            40391
         106  0.51470588235294112        272.00000000000000            40487
         107  0.51960784313725494        272.00000000000000            40495
         108  0.52450980392156865        272.00000000000000            40496
         109  0.52941176470588236        273.00000000000000            40533
         110  0.53431372549019607        274.00000000000000            40603
         111  0.53921568627450978        276.00000000000000            40698
         112  0.54411764705882348        279.00000000000000            40910
         113  0.54901960784313730        281.00000000000000            40988
         114  0.55392156862745101        281.00000000000000            41003
         115  0.55882352941176472        281.00000000000000            41003
         116  0.56372549019607843        282.00000000000000            41073
         117  0.56862745098039214        282.00000000000000            41073
         118  0.57352941176470584        282.00000000000000            41074
         119  0.57843137254901966        282.00000000000000            41075
         120  0.58333333333333337        283.00000000000000            41147
         121  0.58823529411764708        283.00000000000000            41156
         122  0.59313725490196079        284.00000000000000            41222
         123  0.59803921568627449        285.00000000000000            41278
         124  0.60294117647058820        289.00000000000000            41476
         125  0.60784313725490191        290.00000000000000            41534
         126  0.61274509803921573        290.00000000000000            41543
         127  0.61764705882352944        294.00000000000000            41801
         128  0.62254901960784315        298.00000000000000            42044
         129  0.62745098039215685        304.00000000000000            42368
         130  0.63235294117647056        304.00000000000000            42419
         131  0.63725490196078427        305.00000000000000            42431
         132  0.64215686274509809        309.00000000000000            42721
         133  0.64705882352941180        311.00000000000000            42795
         134  0.65196078431372551        312.00000000000000            42881
         135  0.65686274509803921        313.00000000000000            42916
         136  0.66176470588235292        313.00000000000000            42916
         137  0.66666666666666663        313.00000000000000            42951
         138  0.67156862745098034        319.00000000000000            43292
         139  0.67647058823529416        322.00000000000000            43456
         140  0.68137254901960786        322.00000000000000            43479
         141  0.68627450980392157        323.00000000000000            43551
         142  0.69117647058823528        324.00000000000000            43596
         143  0.69607843137254899        325.00000000000000            43633
         144  0.70098039215686270        325.00000000000000            43636
         145  0.70588235294117652        325.00000000000000            43666
         146  0.71078431372549022        326.00000000000000            43735
         147  0.71568627450980393        326.00000000000000            43743
         148  0.72058823529411764        327.00000000000000            43752
         149  0.72549019607843135        327.00000000000000            43755
         150  0.73039215686274506        327.00000000000000            43764
         151  0.73529411764705888        327.00000000000000            43765
         152  0.74019607843137258        329.00000000000000            43909
         153  0.74509803921568629        329.00000000000000            43910
         154  0.75000000000000000        330.00000000000000            43943
         155  0.75490196078431371        331.00000000000000            44014
         156  0.75980392156862742        331.00000000000000            44014
         157  0.76470588235294112        335.00000000000000            44253
         158  0.76960784313725494        337.00000000000000            44390
         159  0.77450980392156865        341.00000000000000            44610
         160  0.77941176470588236        341.00000000000000            44621
         161  0.78431372549019607        345.00000000000000            44860
         162  0.78921568627450978        345.00000000000000            44865
         163  0.79411764705882348        346.00000000000000            44884
         164  0.79901960784313730        347.00000000000000            44968
         165  0.80392156862745101        349.00000000000000            45111
         166  0.80882352941176472        350.00000000000000            45133
         167  0.81372549019607843        354.00000000000000            45400
         168  0.81862745098039214        356.00000000000000            45506
         169  0.82352941176470584        356.00000000000000            45509
         170  0.82843137254901966        357.00000000000000            45549
         171  0.83333333333333337        357.00000000000000            45585
         172  0.83823529411764708        360.00000000000000            45758
         173  0.84313725490196079        361.00000000000000            45792
         174  0.84803921568627449        364.00000000000000            45969
         175  0.85294117647058820        364.00000000000000            45970
         176  0.85784313725490191        367.00000000000000            46147
         177  0.86274509803921573        367.00000000000000            46150
         178  0.86764705882352944        367.00000000000000            46181
         179  0.87254901960784315        368.00000000000000            46256
         180  0.87745098039215685        374.00000000000000            46617
         181  0.88235294117647056        375.00000000000000            46646
         182  0.88725490196078427        375.00000000000000            46663
         183  0.89215686274509809        376.00000000000000            46738
         184  0.89705882352941180        379.00000000000000            46911
         185  0.90196078431372551        382.00000000000000            47050
         186  0.90686274509803921        384.00000000000000            47204
         187  0.91176470588235292        386.00000000000000            47324
         188  0.91666666666666663        386.00000000000000            47335
         189  0.92156862745098034        386.00000000000000            47337
         190  0.92647058823529416        395.00000000000000            47826
         191  0.93137254901960786        395.00000000000000            47827
         192  0.93627450980392157        395.00000000000000            47828
         193  0.94117647058823528        395.00000000000000            47836
         194  0.94607843137254899        398.00000000000000            48014
         195  0.95098039215686270        404.00000000000000            48401
         196  0.95588235294117652        404.00000000000000            48401
         197  0.96078431372549022        410.00000000000000            48745
         198  0.96568627450980393        411.00000000000000            48831
         199  0.97058823529411764        416.00000000000000            49093
         200  0.97549019607843135        420.00000000000000            49327
         201  0.98039215686274506        420.00000000000000            49333
         202  0.98529411764705888        427.00000000000000            49750
         203  0.99019607843137258        427.00000000000000            49799
         204  0.99509803921568629        435.00000000000000            50256
