           1   0.0000000000000000        0.0000000000000000            15434
           2   9.6061479346781938E-004   6.0000000000000000            15821
           3   1.9212295869356388E-003   9.0000000000000000            15991
           4   2.8818443804034580E-003   11.000000000000000            16143
           5   3.8424591738712775E-003   20.000000000000000            16678
           6   4.8030739673390974E-003   34.000000000000000            17521
           7   5.7636887608069160E-003   35.000000000000000            17587
           8   6.7243035542747355E-003   37.000000000000000            17688
           9   7.6849183477425550E-003   38.000000000000000            17725
          10   8.6455331412103754E-003   39.000000000000000            17786
          11   9.6061479346781949E-003   39.000000000000000            17814
          12   1.0566762728146013E-002   40.000000000000000            17848
          13   1.1527377521613832E-002   42.000000000000000            17974
          14   1.2487992315081652E-002   42.000000000000000            17998
          15   1.3448607108549471E-002   47.000000000000000            18260
          16   1.4409221902017291E-002   48.000000000000000            18357
          17   1.5369836695485110E-002   49.000000000000000            18417
          18   1.6330451488952930E-002   50.000000000000000            18463
          19   1.7291066282420751E-002   57.000000000000000            18864
          20   1.8251681075888569E-002   57.000000000000000            18904
          21   1.9212295869356390E-002   63.000000000000000            19227
          22   2.0172910662824207E-002   65.000000000000000            19373
          23   2.1133525456292025E-002   67.000000000000000            19459
          24   2.2094140249759846E-002   68.000000000000000            19543
          25   2.3054755043227664E-002   70.000000000000000            19643
          26   2.4015369836695485E-002   72.000000000000000            19812
          27   2.4975984630163303E-002   73.000000000000000            19856
          28   2.5936599423631124E-002   74.000000000000000            19894
          29   2.6897214217098942E-002   75.000000000000000            19970
          30   2.7857829010566763E-002   76.000000000000000            20047
          31   2.8818443804034581E-002   83.000000000000000            20460
          32   2.9779058597502402E-002   86.000000000000000            20621
          33   3.0739673390970220E-002   86.000000000000000            20646
          34   3.1700288184438041E-002   86.000000000000000            20648
          35   3.2660902977905859E-002   86.000000000000000            20653
          36   3.3621517771373677E-002   87.000000000000000            20682
          37   3.4582132564841501E-002   88.000000000000000            20734
          38   3.5542747358309319E-002   88.000000000000000            20746
          39   3.6503362151777137E-002   92.000000000000000            21005
          40   3.7463976945244955E-002   93.000000000000000            21056
          41   3.8424591738712779E-002   94.000000000000000            21080
          42   3.9385206532180597E-002   94.000000000000000            21092
          43   4.0345821325648415E-002   94.000000000000000            21112
          44   4.1306436119116233E-002   95.000000000000000            21137
          45   4.2267050912584050E-002   96.000000000000000            21221
          46   4.3227665706051875E-002   96.000000000000000            21239
          47   4.4188280499519693E-002   96.000000000000000            21245
          48   4.5148895292987511E-002   97.000000000000000            21298
          49   4.6109510086455328E-002   98.000000000000000            21322
          50   4.7070124879923153E-002   98.000000000000000            21332
          51   4.8030739673390971E-002   103.00000000000000            21623
          52   4.8991354466858789E-002   104.00000000000000            21685
          53   4.9951969260326606E-002   104.00000000000000            21688
          54   5.0912584053794431E-002   105.00000000000000            21774
          55   5.1873198847262249E-002   106.00000000000000            21841
          56   5.2833813640730067E-002   107.00000000000000            21889
          57   5.3794428434197884E-002   110.00000000000000            22050
          58   5.4755043227665709E-002   111.00000000000000            22108
          59   5.5715658021133527E-002   111.00000000000000            22115
          60   5.6676272814601344E-002   112.00000000000000            22166
          61   5.7636887608069162E-002   113.00000000000000            22222
          62   5.8597502401536987E-002   113.00000000000000            22224
          63   5.9558117195004805E-002   113.00000000000000            22254
          64   6.0518731988472622E-002   113.00000000000000            22258
          65   6.1479346781940440E-002   115.00000000000000            22335
          66   6.2439961575408258E-002   115.00000000000000            22360
          67   6.3400576368876083E-002   115.00000000000000            22386
          68   6.4361191162343900E-002   115.00000000000000            22390
          69   6.5321805955811718E-002   116.00000000000000            22451
          70   6.6282420749279536E-002   117.00000000000000            22496
          71   6.7243035542747354E-002   118.00000000000000            22514
          72   6.8203650336215171E-002   118.00000000000000            22528
          73   6.9164265129683003E-002   118.00000000000000            22553
          74   7.0124879923150821E-002   119.00000000000000            22613
          75   7.1085494716618638E-002   119.00000000000000            22626
          76   7.2046109510086456E-002   119.00000000000000            22631
          77   7.3006724303554274E-002   120.00000000000000            22651
          78   7.3967339097022092E-002   120.00000000000000            22654
          79   7.4927953890489910E-002   120.00000000000000            22678
          80   7.5888568683957727E-002   122.00000000000000            22787
          81   7.6849183477425559E-002   123.00000000000000            22864
          82   7.7809798270893377E-002   124.00000000000000            22922
          83   7.8770413064361194E-002   124.00000000000000            22928
          84   7.9731027857829012E-002   125.00000000000000            22945
          85   8.0691642651296830E-002   125.00000000000000            22954
          86   8.1652257444764648E-002   125.00000000000000            22986
          87   8.2612872238232465E-002   125.00000000000000            22993
          88   8.3573487031700283E-002   126.00000000000000            23037
          89   8.4534101825168101E-002   131.00000000000000            23297
          90   8.5494716618635933E-002   131.00000000000000            23311
          91   8.6455331412103750E-002   132.00000000000000            23383
          92   8.7415946205571568E-002   132.00000000000000            23385
          93   8.8376560999039386E-002   133.00000000000000            23432
          94   8.9337175792507204E-002   135.00000000000000            23546
          95   9.0297790585975021E-002   135.00000000000000            23557
          96   9.1258405379442839E-002   135.00000000000000            23578
          97   9.2219020172910657E-002   135.00000000000000            23587
          98   9.3179634966378488E-002   136.00000000000000            23608
          99   9.4140249759846306E-002   136.00000000000000            23627
         100   9.5100864553314124E-002   137.00000000000000            23670
         101   9.6061479346781942E-002   138.00000000000000            23751
         102   9.7022094140249759E-002   139.00000000000000            23797
         103   9.7982708933717577E-002   139.00000000000000            23812
         104   9.8943323727185395E-002   139.00000000000000            23813
         105   9.9903938520653213E-002   139.00000000000000            23820
         106  0.10086455331412104        140.00000000000000            23841
         107  0.10182516810758886        140.00000000000000            23846
         108  0.10278578290105668        140.00000000000000            23847
         109  0.10374639769452450        140.00000000000000            23867
         110  0.10470701248799232        141.00000000000000            23950
         111  0.10566762728146013        142.00000000000000            23957
         112  0.10662824207492795        142.00000000000000            23974
         113  0.10758885686839577        142.00000000000000            24005
         114  0.10854947166186359        143.00000000000000            24070
         115  0.10951008645533142        143.00000000000000            24072
         116  0.11047070124879924        144.00000000000000            24130
         117  0.11143131604226705        145.00000000000000            24149
         118  0.11239193083573487        145.00000000000000            24159
         119  0.11335254562920269        146.00000000000000            24198
         120  0.11431316042267051        146.00000000000000            24217
         121  0.11527377521613832        146.00000000000000            24226
         122  0.11623439000960614        146.00000000000000            24230
         123  0.11719500480307397        146.00000000000000            24231
         124  0.11815561959654179        146.00000000000000            24245
         125  0.11911623439000961        147.00000000000000            24255
         126  0.12007684918347743        147.00000000000000            24264
         127  0.12103746397694524        147.00000000000000            24291
         128  0.12199807877041306        147.00000000000000            24311
         129  0.12295869356388088        148.00000000000000            24359
         130  0.12391930835734870        149.00000000000000            24374
         131  0.12487992315081652        149.00000000000000            24395
         132  0.12584053794428435        149.00000000000000            24409
         133  0.12680115273775217        149.00000000000000            24412
         134  0.12776176753121998        149.00000000000000            24422
         135  0.12872238232468780        150.00000000000000            24434
         136  0.12968299711815562        150.00000000000000            24474
         137  0.13064361191162344        150.00000000000000            24482
         138  0.13160422670509125        150.00000000000000            24490
         139  0.13256484149855907        151.00000000000000            24499
         140  0.13352545629202689        151.00000000000000            24510
         141  0.13448607108549471        151.00000000000000            24515
         142  0.13544668587896252        152.00000000000000            24554
         143  0.13640730067243034        152.00000000000000            24558
         144  0.13736791546589819        152.00000000000000            24566
         145  0.13832853025936601        152.00000000000000            24582
         146  0.13928914505283382        153.00000000000000            24619
         147  0.14024975984630164        153.00000000000000            24631
         148  0.14121037463976946        153.00000000000000            24633
         149  0.14217098943323728        153.00000000000000            24669
         150  0.14313160422670509        153.00000000000000            24672
         151  0.14409221902017291        154.00000000000000            24713
         152  0.14505283381364073        154.00000000000000            24731
         153  0.14601344860710855        155.00000000000000            24741
         154  0.14697406340057637        155.00000000000000            24751
         155  0.14793467819404418        155.00000000000000            24770
         156  0.14889529298751200        155.00000000000000            24774
         157  0.14985590778097982        155.00000000000000            24781
         158  0.15081652257444764        155.00000000000000            24791
         159  0.15177713736791545        156.00000000000000            24797
         160  0.15273775216138327        156.00000000000000            24808
         161  0.15369836695485112        156.00000000000000            24835
         162  0.15465898174831894        156.00000000000000            24846
         163  0.15561959654178675        157.00000000000000            24865
         164  0.15658021133525457        157.00000000000000            24877
         165  0.15754082612872239        157.00000000000000            24910
         166  0.15850144092219021        158.00000000000000            24933
         167  0.15946205571565802        158.00000000000000            24956
         168  0.16042267050912584        159.00000000000000            25013
         169  0.16138328530259366        159.00000000000000            25018
         170  0.16234390009606148        160.00000000000000            25068
         171  0.16330451488952930        160.00000000000000            25078
         172  0.16426512968299711        160.00000000000000            25085
         173  0.16522574447646493        160.00000000000000            25087
         174  0.16618635926993275        161.00000000000000            25094
         175  0.16714697406340057        161.00000000000000            25106
         176  0.16810758885686838        161.00000000000000            25114
         177  0.16906820365033620        161.00000000000000            25117
         178  0.17002881844380405        161.00000000000000            25120
         179  0.17098943323727187        161.00000000000000            25148
         180  0.17195004803073968        162.00000000000000            25154
         181  0.17291066282420750        162.00000000000000            25202
         182  0.17387127761767532        163.00000000000000            25256
         183  0.17483189241114314        164.00000000000000            25304
         184  0.17579250720461095        165.00000000000000            25349
         185  0.17675312199807877        165.00000000000000            25357
         185  0.17675312199807877        165.00000000000000            25357
         187  0.17867435158501441        165.00000000000000            25381
         188  0.17963496637848222        166.00000000000000            25402
         189  0.18059558117195004        166.00000000000000            25451
         190  0.18155619596541786        167.00000000000000            25460
         191  0.18251681075888568        167.00000000000000            25506
         192  0.18347742555235350        168.00000000000000            25526
         193  0.18443804034582131        168.00000000000000            25541
         194  0.18539865513928913        168.00000000000000            25550
         195  0.18635926993275698        168.00000000000000            25555
         196  0.18731988472622479        168.00000000000000            25565
         197  0.18828049951969261        168.00000000000000            25568
         198  0.18924111431316043        169.00000000000000            25575
         199  0.19020172910662825        169.00000000000000            25579
         200  0.19116234390009607        169.00000000000000            25590
         201  0.19212295869356388        169.00000000000000            25596
         202  0.19308357348703170        169.00000000000000            25620
         203  0.19404418828049952        170.00000000000000            25653
         204  0.19500480307396734        170.00000000000000            25672
         205  0.19596541786743515        170.00000000000000            25673
         206  0.19692603266090297        170.00000000000000            25690
         207  0.19788664745437079        171.00000000000000            25722
         208  0.19884726224783861        172.00000000000000            25760
         209  0.19980787704130643        172.00000000000000            25782
         210  0.20076849183477424        173.00000000000000            25815
         211  0.20172910662824209        173.00000000000000            25826
         212  0.20268972142170991        173.00000000000000            25863
         213  0.20365033621517772        173.00000000000000            25865
         214  0.20461095100864554        174.00000000000000            25874
         215  0.20557156580211336        174.00000000000000            25878
         216  0.20653218059558118        174.00000000000000            25900
         217  0.20749279538904900        174.00000000000000            25927
         218  0.20845341018251681        175.00000000000000            25979
         219  0.20941402497598463        175.00000000000000            25981
         219  0.20941402497598463        175.00000000000000            25981
         221  0.21133525456292027        176.00000000000000            26006
         222  0.21229586935638808        176.00000000000000            26014
         223  0.21325648414985590        177.00000000000000            26060
         224  0.21421709894332372        177.00000000000000            26071
         225  0.21517771373679154        177.00000000000000            26087
         226  0.21613832853025935        178.00000000000000            26148
         227  0.21709894332372717        178.00000000000000            26154
         228  0.21805955811719502        179.00000000000000            26191
         229  0.21902017291066284        179.00000000000000            26217
         230  0.21998078770413065        179.00000000000000            26218
         231  0.22094140249759847        180.00000000000000            26251
         232  0.22190201729106629        180.00000000000000            26269
         233  0.22286263208453411        180.00000000000000            26291
         234  0.22382324687800192        181.00000000000000            26334
         235  0.22478386167146974        181.00000000000000            26338
         236  0.22574447646493756        181.00000000000000            26344
         236  0.22574447646493756        181.00000000000000            26344
         238  0.22766570605187320        182.00000000000000            26368
         239  0.22862632084534101        182.00000000000000            26386
         240  0.22958693563880883        183.00000000000000            26418
         241  0.23054755043227665        183.00000000000000            26424
         242  0.23150816522574447        183.00000000000000            26432
         243  0.23246878001921228        183.00000000000000            26434
         244  0.23342939481268010        184.00000000000000            26479
         245  0.23439000960614795        184.00000000000000            26507
         246  0.23535062439961577        184.00000000000000            26515
         246  0.23535062439961577        184.00000000000000            26515
         248  0.23727185398655140        184.00000000000000            26523
         249  0.23823246878001922        185.00000000000000            26550
         250  0.23919308357348704        185.00000000000000            26556
         251  0.24015369836695485        185.00000000000000            26587
         252  0.24111431316042267        186.00000000000000            26596
         253  0.24207492795389049        186.00000000000000            26602
         254  0.24303554274735831        186.00000000000000            26611
         255  0.24399615754082613        186.00000000000000            26618
         256  0.24495677233429394        187.00000000000000            26656
         256  0.24495677233429394        187.00000000000000            26656
         258  0.24687800192122958        187.00000000000000            26674
         259  0.24783861671469740        187.00000000000000            26687
         260  0.24879923150816521        188.00000000000000            26752
         261  0.24975984630163303        188.00000000000000            26755
         262  0.25072046109510088        188.00000000000000            26763
         263  0.25168107588856869        188.00000000000000            26767
         264  0.25264169068203651        188.00000000000000            26771
         265  0.25360230547550433        189.00000000000000            26777
         266  0.25456292026897215        189.00000000000000            26789
         267  0.25552353506243997        189.00000000000000            26798
         268  0.25648414985590778        189.00000000000000            26802
         269  0.25744476464937560        189.00000000000000            26819
         270  0.25840537944284342        189.00000000000000            26828
         271  0.25936599423631124        189.00000000000000            26832
         272  0.26032660902977905        190.00000000000000            26852
         273  0.26128722382324687        190.00000000000000            26862
         274  0.26224783861671469        190.00000000000000            26884
         275  0.26320845341018251        190.00000000000000            26887
         276  0.26416906820365033        190.00000000000000            26890
         277  0.26512968299711814        191.00000000000000            26919
         278  0.26609029779058596        192.00000000000000            26965
         279  0.26705091258405378        192.00000000000000            26978
         280  0.26801152737752160        192.00000000000000            26980
         281  0.26897214217098941        192.00000000000000            26991
         282  0.26993275696445723        192.00000000000000            26994
         283  0.27089337175792505        192.00000000000000            26998
         284  0.27185398655139287        193.00000000000000            27027
         285  0.27281460134486069        193.00000000000000            27031
         286  0.27377521613832850        193.00000000000000            27057
         287  0.27473583093179638        194.00000000000000            27086
         288  0.27569644572526419        194.00000000000000            27100
         289  0.27665706051873201        195.00000000000000            27150
         290  0.27761767531219983        195.00000000000000            27152
         291  0.27857829010566765        195.00000000000000            27157
         292  0.27953890489913547        195.00000000000000            27159
         293  0.28049951969260328        195.00000000000000            27168
         293  0.28049951969260328        195.00000000000000            27168
         295  0.28242074927953892        195.00000000000000            27176
         296  0.28338136407300674        196.00000000000000            27198
         297  0.28434197886647455        196.00000000000000            27204
         298  0.28530259365994237        196.00000000000000            27238
         299  0.28626320845341019        196.00000000000000            27243
         300  0.28722382324687801        197.00000000000000            27265
         301  0.28818443804034583        197.00000000000000            27311
         302  0.28914505283381364        198.00000000000000            27350
         303  0.29010566762728146        198.00000000000000            27355
         304  0.29106628242074928        199.00000000000000            27384
         305  0.29202689721421710        199.00000000000000            27411
         306  0.29298751200768491        199.00000000000000            27415
         307  0.29394812680115273        199.00000000000000            27419
         308  0.29490874159462055        200.00000000000000            27439
         309  0.29586935638808837        200.00000000000000            27455
         310  0.29682997118155618        200.00000000000000            27481
         311  0.29779058597502400        200.00000000000000            27493
         312  0.29875120076849182        201.00000000000000            27511
         313  0.29971181556195964        201.00000000000000            27517
         314  0.30067243035542746        201.00000000000000            27538
         315  0.30163304514889527        202.00000000000000            27558
         315  0.30163304514889527        202.00000000000000            27558
         317  0.30355427473583091        202.00000000000000            27573
         318  0.30451488952929873        202.00000000000000            27593
         319  0.30547550432276654        202.00000000000000            27611
         320  0.30643611911623436        203.00000000000000            27628
         321  0.30739673390970224        203.00000000000000            27663
         322  0.30835734870317005        204.00000000000000            27681
         323  0.30931796349663787        204.00000000000000            27707
         324  0.31027857829010569        204.00000000000000            27724
         325  0.31123919308357351        205.00000000000000            27742
         326  0.31219980787704132        205.00000000000000            27782
         327  0.31316042267050914        205.00000000000000            27785
         328  0.31412103746397696        205.00000000000000            27788
         329  0.31508165225744478        205.00000000000000            27793
         330  0.31604226705091260        206.00000000000000            27795
         331  0.31700288184438041        206.00000000000000            27797
         332  0.31796349663784823        207.00000000000000            27887
         332  0.31796349663784823        207.00000000000000            27887
         334  0.31988472622478387        207.00000000000000            27889
         335  0.32084534101825168        207.00000000000000            27904
         336  0.32180595581171950        208.00000000000000            27916
         337  0.32276657060518732        208.00000000000000            27930
         338  0.32372718539865514        208.00000000000000            27955
         338  0.32372718539865514        208.00000000000000            27955
         340  0.32564841498559077        208.00000000000000            27956
         341  0.32660902977905859        209.00000000000000            27982
         342  0.32756964457252641        209.00000000000000            28008
         343  0.32853025936599423        209.00000000000000            28010
         344  0.32949087415946204        209.00000000000000            28013
         345  0.33045148895292986        210.00000000000000            28037
         346  0.33141210374639768        210.00000000000000            28056
         347  0.33237271853986550        210.00000000000000            28072
         348  0.33333333333333331        211.00000000000000            28110
         349  0.33429394812680113        211.00000000000000            28136
         349  0.33429394812680113        211.00000000000000            28136
         351  0.33621517771373677        212.00000000000000            28164
         352  0.33717579250720459        212.00000000000000            28208
         353  0.33813640730067240        212.00000000000000            28210
         354  0.33909702209414028        213.00000000000000            28219
         355  0.34005763688760809        213.00000000000000            28259
         356  0.34101825168107591        213.00000000000000            28270
         357  0.34197886647454373        213.00000000000000            28273
         358  0.34293948126801155        214.00000000000000            28286
         359  0.34390009606147937        215.00000000000000            28339
         360  0.34486071085494718        215.00000000000000            28355
         361  0.34582132564841500        215.00000000000000            28374
         362  0.34678194044188282        215.00000000000000            28386
         363  0.34774255523535064        215.00000000000000            28388
         364  0.34870317002881845        215.00000000000000            28393
         365  0.34966378482228627        216.00000000000000            28406
         366  0.35062439961575409        216.00000000000000            28408
         367  0.35158501440922191        216.00000000000000            28440
         368  0.35254562920268973        216.00000000000000            28449
         369  0.35350624399615754        217.00000000000000            28489
         370  0.35446685878962536        217.00000000000000            28493
         371  0.35542747358309318        217.00000000000000            28511
         372  0.35638808837656100        218.00000000000000            28549
         373  0.35734870317002881        218.00000000000000            28554
         374  0.35830931796349663        218.00000000000000            28562
         375  0.35926993275696445        218.00000000000000            28564
         376  0.36023054755043227        218.00000000000000            28572
         377  0.36119116234390009        219.00000000000000            28598
         378  0.36215177713736790        219.00000000000000            28618
         379  0.36311239193083572        219.00000000000000            28624
         380  0.36407300672430354        219.00000000000000            28629
         381  0.36503362151777136        220.00000000000000            28654
         381  0.36503362151777136        220.00000000000000            28654
         383  0.36695485110470699        220.00000000000000            28658
         384  0.36791546589817481        220.00000000000000            28682
         385  0.36887608069164263        221.00000000000000            28729
         386  0.36983669548511044        221.00000000000000            28737
         387  0.37079731027857826        221.00000000000000            28745
         388  0.37175792507204614        221.00000000000000            28749
         389  0.37271853986551395        222.00000000000000            28761
         390  0.37367915465898177        222.00000000000000            28766
         390  0.37367915465898177        222.00000000000000            28766
         392  0.37560038424591741        222.00000000000000            28778
         393  0.37656099903938522        222.00000000000000            28789
         394  0.37752161383285304        222.00000000000000            28813
         395  0.37848222862632086        223.00000000000000            28831
         396  0.37944284341978868        223.00000000000000            28836
         397  0.38040345821325650        223.00000000000000            28868
         398  0.38136407300672431        223.00000000000000            28870
         399  0.38232468780019213        224.00000000000000            28893
         400  0.38328530259365995        224.00000000000000            28908
         401  0.38424591738712777        225.00000000000000            28955
         402  0.38520653218059558        225.00000000000000            28958
         403  0.38616714697406340        225.00000000000000            28959
         404  0.38712776176753122        225.00000000000000            28970
         404  0.38712776176753122        225.00000000000000            28970
         406  0.38904899135446686        225.00000000000000            28977
         407  0.39000960614793467        226.00000000000000            28996
         408  0.39097022094140249        226.00000000000000            28997
         408  0.39097022094140249        226.00000000000000            28997
         410  0.39289145052833813        226.00000000000000            29020
         411  0.39385206532180594        226.00000000000000            29023
         411  0.39385206532180594        226.00000000000000            29023
         413  0.39577329490874158        226.00000000000000            29025
         414  0.39673390970220940        226.00000000000000            29028
         415  0.39769452449567722        226.00000000000000            29035
         416  0.39865513928914503        226.00000000000000            29052
         417  0.39961575408261285        227.00000000000000            29060
         418  0.40057636887608067        227.00000000000000            29064
         418  0.40057636887608067        227.00000000000000            29064
         418  0.40057636887608067        227.00000000000000            29064
         421  0.40345821325648418        227.00000000000000            29066
         422  0.40441882804995199        227.00000000000000            29087
         423  0.40537944284341981        228.00000000000000            29117
         424  0.40634005763688763        228.00000000000000            29136
         425  0.40730067243035545        229.00000000000000            29213
         426  0.40826128722382327        229.00000000000000            29221
         427  0.40922190201729108        229.00000000000000            29233
         428  0.41018251681075890        230.00000000000000            29244
         429  0.41114313160422672        230.00000000000000            29248
         430  0.41210374639769454        230.00000000000000            29274
         431  0.41306436119116235        230.00000000000000            29279
         432  0.41402497598463017        230.00000000000000            29289
         433  0.41498559077809799        231.00000000000000            29294
         434  0.41594620557156581        231.00000000000000            29295
         434  0.41594620557156581        231.00000000000000            29295
         436  0.41786743515850144        231.00000000000000            29310
         437  0.41882804995196926        231.00000000000000            29313
         438  0.41978866474543708        231.00000000000000            29340
         439  0.42074927953890490        231.00000000000000            29350
         440  0.42170989433237271        232.00000000000000            29354
         441  0.42267050912584053        232.00000000000000            29362
         442  0.42363112391930835        232.00000000000000            29374
         443  0.42459173871277617        232.00000000000000            29375
         444  0.42555235350624399        232.00000000000000            29398
         445  0.42651296829971180        232.00000000000000            29402
         446  0.42747358309317962        232.00000000000000            29404
         447  0.42843419788664744        232.00000000000000            29406
         448  0.42939481268011526        233.00000000000000            29457
         449  0.43035542747358307        233.00000000000000            29462
         450  0.43131604226705089        233.00000000000000            29465
         451  0.43227665706051871        234.00000000000000            29491
         452  0.43323727185398653        234.00000000000000            29506
         453  0.43419788664745435        234.00000000000000            29508
         454  0.43515850144092216        234.00000000000000            29518
         455  0.43611911623439004        234.00000000000000            29524
         456  0.43707973102785785        234.00000000000000            29528
         457  0.43804034582132567        235.00000000000000            29544
         458  0.43900096061479349        235.00000000000000            29558
         459  0.43996157540826131        236.00000000000000            29626
         460  0.44092219020172913        237.00000000000000            29657
         460  0.44092219020172913        237.00000000000000            29657
         462  0.44284341978866476        237.00000000000000            29660
         463  0.44380403458213258        237.00000000000000            29683
         464  0.44476464937560040        237.00000000000000            29705
         465  0.44572526416906821        237.00000000000000            29706
         466  0.44668587896253603        237.00000000000000            29709
         467  0.44764649375600385        238.00000000000000            29715
         468  0.44860710854947167        238.00000000000000            29719
         469  0.44956772334293948        238.00000000000000            29743
         470  0.45052833813640730        238.00000000000000            29746
         471  0.45148895292987512        238.00000000000000            29753
         472  0.45244956772334294        238.00000000000000            29758
         473  0.45341018251681076        239.00000000000000            29781
         473  0.45341018251681076        239.00000000000000            29781
         473  0.45341018251681076        239.00000000000000            29781
         476  0.45629202689721421        239.00000000000000            29796
         477  0.45725264169068203        240.00000000000000            29840
         478  0.45821325648414984        240.00000000000000            29868
         479  0.45917387127761766        240.00000000000000            29882
         480  0.46013448607108548        240.00000000000000            29889
         481  0.46109510086455330        240.00000000000000            29890
         482  0.46205571565802112        241.00000000000000            29908
         483  0.46301633045148893        241.00000000000000            29933
         484  0.46397694524495675        242.00000000000000            29956
         485  0.46493756003842457        242.00000000000000            29975
         486  0.46589817483189239        242.00000000000000            29985
         487  0.46685878962536020        242.00000000000000            30007
         488  0.46781940441882808        243.00000000000000            30026
         489  0.46878001921229590        243.00000000000000            30030
         490  0.46974063400576371        243.00000000000000            30059
         491  0.47070124879923153        243.00000000000000            30061
         492  0.47166186359269935        244.00000000000000            30089
         493  0.47262247838616717        244.00000000000000            30099
         494  0.47358309317963498        244.00000000000000            30107
         495  0.47454370797310280        244.00000000000000            30114
         496  0.47550432276657062        245.00000000000000            30135
         497  0.47646493756003844        245.00000000000000            30136
         498  0.47742555235350626        245.00000000000000            30152
         499  0.47838616714697407        245.00000000000000            30174
         500  0.47934678194044189        245.00000000000000            30177
         501  0.48030739673390971        245.00000000000000            30188
         502  0.48126801152737753        246.00000000000000            30224
         503  0.48222862632084534        246.00000000000000            30230
         504  0.48318924111431316        246.00000000000000            30244
         505  0.48414985590778098        246.00000000000000            30245
         506  0.48511047070124880        247.00000000000000            30257
         507  0.48607108549471661        247.00000000000000            30296
         508  0.48703170028818443        247.00000000000000            30297
         509  0.48799231508165225        247.00000000000000            30307
         510  0.48895292987512007        247.00000000000000            30313
         511  0.48991354466858789        248.00000000000000            30314
         512  0.49087415946205570        248.00000000000000            30329
         513  0.49183477425552352        248.00000000000000            30335
         514  0.49279538904899134        248.00000000000000            30340
         515  0.49375600384245916        248.00000000000000            30345
         516  0.49471661863592697        248.00000000000000            30352
         517  0.49567723342939479        248.00000000000000            30355
         518  0.49663784822286261        249.00000000000000            30393
         519  0.49759846301633043        249.00000000000000            30416
         520  0.49855907780979825        249.00000000000000            30426
         521  0.49951969260326606        250.00000000000000            30439
         522  0.50048030739673388        250.00000000000000            30448
         523  0.50144092219020175        250.00000000000000            30461
         524  0.50240153698366952        250.00000000000000            30462
         525  0.50336215177713739        250.00000000000000            30468
         526  0.50432276657060515        251.00000000000000            30497
         527  0.50528338136407303        251.00000000000000            30510
         528  0.50624399615754079        251.00000000000000            30512
         529  0.50720461095100866        251.00000000000000            30521
         530  0.50816522574447642        251.00000000000000            30528
         531  0.50912584053794430        251.00000000000000            30531
         532  0.51008645533141206        251.00000000000000            30545
         533  0.51104707012487993        251.00000000000000            30551
         534  0.51200768491834769        252.00000000000000            30555
         535  0.51296829971181557        252.00000000000000            30556
         536  0.51392891450528333        252.00000000000000            30569
         537  0.51488952929875120        252.00000000000000            30582
         538  0.51585014409221897        252.00000000000000            30585
         539  0.51681075888568684        252.00000000000000            30587
         540  0.51777137367915471        252.00000000000000            30588
         541  0.51873198847262247        252.00000000000000            30591
         542  0.51969260326609035        253.00000000000000            30668
         543  0.52065321805955811        254.00000000000000            30675
         544  0.52161383285302598        254.00000000000000            30676
         545  0.52257444764649374        254.00000000000000            30696
         546  0.52353506243996162        254.00000000000000            30717
         547  0.52449567723342938        255.00000000000000            30734
         547  0.52449567723342938        255.00000000000000            30734
         549  0.52641690682036502        255.00000000000000            30738
         549  0.52641690682036502        255.00000000000000            30738
         551  0.52833813640730065        255.00000000000000            30745
         552  0.52929875120076852        255.00000000000000            30750
         553  0.53025936599423629        255.00000000000000            30758
         554  0.53121998078770416        255.00000000000000            30781
         555  0.53218059558117192        256.00000000000000            30804
         556  0.53314121037463980        256.00000000000000            30825
         557  0.53410182516810756        256.00000000000000            30835
         558  0.53506243996157543        256.00000000000000            30840
         558  0.53506243996157543        256.00000000000000            30840
         560  0.53698366954851107        257.00000000000000            30855
         560  0.53698366954851107        257.00000000000000            30855
         562  0.53890489913544670        257.00000000000000            30864
         563  0.53986551392891446        257.00000000000000            30867
         564  0.54082612872238234        257.00000000000000            30881
         565  0.54178674351585010        258.00000000000000            30923
         566  0.54274735830931797        258.00000000000000            30928
         567  0.54370797310278574        258.00000000000000            30929
         567  0.54370797310278574        258.00000000000000            30929
         569  0.54562920268972137        258.00000000000000            30939
         570  0.54658981748318924        258.00000000000000            30946
         571  0.54755043227665701        258.00000000000000            30968
         572  0.54851104707012488        259.00000000000000            30980
         573  0.54947166186359275        259.00000000000000            30983
         574  0.55043227665706052        259.00000000000000            30998
         575  0.55139289145052839        259.00000000000000            31033
         576  0.55235350624399615        260.00000000000000            31034
         577  0.55331412103746402        260.00000000000000            31041
         578  0.55427473583093179        260.00000000000000            31072
         579  0.55523535062439966        260.00000000000000            31075
         580  0.55619596541786742        260.00000000000000            31076
         581  0.55715658021133529        261.00000000000000            31102
         582  0.55811719500480306        261.00000000000000            31104
         583  0.55907780979827093        261.00000000000000            31107
         584  0.56003842459173869        261.00000000000000            31109
         585  0.56099903938520657        261.00000000000000            31116
         586  0.56195965417867433        261.00000000000000            31117
         586  0.56195965417867433        261.00000000000000            31117
         588  0.56388088376560996        261.00000000000000            31125
         589  0.56484149855907784        261.00000000000000            31133
         590  0.56580211335254560        261.00000000000000            31139
         591  0.56676272814601347        261.00000000000000            31147
         592  0.56772334293948123        262.00000000000000            31154
         593  0.56868395773294911        262.00000000000000            31179
         594  0.56964457252641687        262.00000000000000            31191
         595  0.57060518731988474        262.00000000000000            31192
         596  0.57156580211335251        262.00000000000000            31200
         597  0.57252641690682038        263.00000000000000            31235
         598  0.57348703170028814        263.00000000000000            31248
         599  0.57444764649375601        264.00000000000000            31288
         600  0.57540826128722378        264.00000000000000            31290
         601  0.57636887608069165        264.00000000000000            31294
         602  0.57732949087415941        264.00000000000000            31323
         603  0.57829010566762729        264.00000000000000            31324
         604  0.57925072046109505        264.00000000000000            31329
         605  0.58021133525456292        264.00000000000000            31330
         606  0.58117195004803079        266.00000000000000            31398
         607  0.58213256484149856        266.00000000000000            31415
         608  0.58309317963496643        266.00000000000000            31429
         609  0.58405379442843419        266.00000000000000            31430
         610  0.58501440922190207        266.00000000000000            31438
         611  0.58597502401536983        266.00000000000000            31446
         612  0.58693563880883770        267.00000000000000            31466
         613  0.58789625360230546        267.00000000000000            31491
         614  0.58885686839577334        267.00000000000000            31502
         615  0.58981748318924110        268.00000000000000            31514
         616  0.59077809798270897        268.00000000000000            31516
         617  0.59173871277617673        268.00000000000000            31520
         618  0.59269932756964461        268.00000000000000            31537
         619  0.59365994236311237        268.00000000000000            31548
         620  0.59462055715658024        268.00000000000000            31564
         621  0.59558117195004801        268.00000000000000            31572
         622  0.59654178674351588        269.00000000000000            31575
         623  0.59750240153698364        269.00000000000000            31581
         624  0.59846301633045151        269.00000000000000            31606
         625  0.59942363112391928        269.00000000000000            31608
         626  0.60038424591738715        270.00000000000000            31647
         627  0.60134486071085491        270.00000000000000            31656
         628  0.60230547550432278        270.00000000000000            31657
         629  0.60326609029779055        270.00000000000000            31693
         630  0.60422670509125842        271.00000000000000            31708
         631  0.60518731988472618        271.00000000000000            31721
         632  0.60614793467819406        271.00000000000000            31731
         633  0.60710854947166182        271.00000000000000            31735
         634  0.60806916426512969        271.00000000000000            31736
         635  0.60902977905859745        271.00000000000000            31742
         636  0.60999039385206533        271.00000000000000            31750
         637  0.61095100864553309        272.00000000000000            31764
         637  0.61095100864553309        272.00000000000000            31764
         639  0.61287223823246872        272.00000000000000            31765
         640  0.61383285302593660        272.00000000000000            31768
         641  0.61479346781940447        272.00000000000000            31769
         642  0.61575408261287223        272.00000000000000            31784
         643  0.61671469740634011        272.00000000000000            31789
         644  0.61767531219980787        272.00000000000000            31790
         645  0.61863592699327574        273.00000000000000            31814
         646  0.61959654178674350        273.00000000000000            31819
         647  0.62055715658021138        274.00000000000000            31894
         648  0.62151777137367914        274.00000000000000            31901
         648  0.62151777137367914        274.00000000000000            31901
         650  0.62343900096061478        274.00000000000000            31903
         651  0.62439961575408265        274.00000000000000            31904
         652  0.62536023054755041        274.00000000000000            31911
         653  0.62632084534101828        275.00000000000000            31975
         654  0.62728146013448605        275.00000000000000            31976
         655  0.62824207492795392        275.00000000000000            31980
         656  0.62920268972142168        276.00000000000000            32015
         657  0.63016330451488956        276.00000000000000            32034
         658  0.63112391930835732        276.00000000000000            32039
         659  0.63208453410182519        276.00000000000000            32049
         660  0.63304514889529295        277.00000000000000            32058
         661  0.63400576368876083        277.00000000000000            32077
         662  0.63496637848222859        277.00000000000000            32090
         663  0.63592699327569646        278.00000000000000            32114
         664  0.63688760806916422        278.00000000000000            32116
         665  0.63784822286263210        278.00000000000000            32130
         666  0.63880883765609986        278.00000000000000            32145
         667  0.63976945244956773        278.00000000000000            32172
         668  0.64073006724303549        279.00000000000000            32209
         669  0.64169068203650337        279.00000000000000            32227
         670  0.64265129682997113        280.00000000000000            32238
         671  0.64361191162343900        280.00000000000000            32240
         672  0.64457252641690677        280.00000000000000            32249
         673  0.64553314121037464        280.00000000000000            32285
         674  0.64649375600384251        281.00000000000000            32307
         675  0.64745437079731027        281.00000000000000            32317
         676  0.64841498559077815        281.00000000000000            32321
         677  0.64937560038424591        281.00000000000000            32326
         678  0.65033621517771378        281.00000000000000            32339
         679  0.65129682997118155        281.00000000000000            32348
         680  0.65225744476464942        282.00000000000000            32358
         681  0.65321805955811718        282.00000000000000            32365
         682  0.65417867435158505        282.00000000000000            32369
         683  0.65513928914505282        282.00000000000000            32379
         684  0.65609990393852069        282.00000000000000            32389
         685  0.65706051873198845        282.00000000000000            32403
         686  0.65802113352545633        283.00000000000000            32422
         687  0.65898174831892409        283.00000000000000            32427
         688  0.65994236311239196        283.00000000000000            32450
         689  0.66090297790585972        283.00000000000000            32469
         690  0.66186359269932760        284.00000000000000            32476
         691  0.66282420749279536        284.00000000000000            32478
         692  0.66378482228626323        284.00000000000000            32512
         693  0.66474543707973099        285.00000000000000            32565
         694  0.66570605187319887        286.00000000000000            32639
         695  0.66666666666666663        288.00000000000000            32716
         696  0.66762728146013450        288.00000000000000            32732
         697  0.66858789625360227        288.00000000000000            32736
         698  0.66954851104707014        288.00000000000000            32743
         699  0.67050912584053790        288.00000000000000            32746
         700  0.67146974063400577        289.00000000000000            32792
         701  0.67243035542747354        290.00000000000000            32839
         702  0.67339097022094141        290.00000000000000            32841
         703  0.67435158501440917        290.00000000000000            32860
         704  0.67531219980787704        291.00000000000000            32907
         705  0.67627281460134481        291.00000000000000            32936
         706  0.67723342939481268        291.00000000000000            32940
         707  0.67819404418828055        291.00000000000000            32943
         708  0.67915465898174832        292.00000000000000            33003
         709  0.68011527377521619        292.00000000000000            33010
         710  0.68107588856868395        293.00000000000000            33021
         711  0.68203650336215182        293.00000000000000            33025
         712  0.68299711815561959        293.00000000000000            33038
         713  0.68395773294908746        293.00000000000000            33049
         714  0.68491834774255522        293.00000000000000            33057
         714  0.68491834774255522        293.00000000000000            33057
         716  0.68683957732949086        293.00000000000000            33066
         717  0.68780019212295873        294.00000000000000            33078
         718  0.68876080691642649        294.00000000000000            33086
         719  0.68972142170989437        294.00000000000000            33088
         720  0.69068203650336213        294.00000000000000            33122
         721  0.69164265129683000        295.00000000000000            33162
         722  0.69260326609029776        295.00000000000000            33176
         723  0.69356388088376564        296.00000000000000            33222
         724  0.69452449567723340        296.00000000000000            33245
         725  0.69548511047070127        296.00000000000000            33252
         726  0.69644572526416904        297.00000000000000            33276
         727  0.69740634005763691        297.00000000000000            33277
         728  0.69836695485110467        297.00000000000000            33292
         729  0.69932756964457254        297.00000000000000            33293
         730  0.70028818443804031        297.00000000000000            33297
         731  0.70124879923150818        298.00000000000000            33332
         732  0.70220941402497594        298.00000000000000            33341
         733  0.70317002881844382        298.00000000000000            33373
         734  0.70413064361191158        299.00000000000000            33396
         735  0.70509125840537945        299.00000000000000            33409
         736  0.70605187319884721        299.00000000000000            33415
         737  0.70701248799231509        300.00000000000000            33445
         738  0.70797310278578285        300.00000000000000            33484
         739  0.70893371757925072        301.00000000000000            33544
         740  0.70989433237271860        303.00000000000000            33645
         741  0.71085494716618636        303.00000000000000            33657
         742  0.71181556195965423        304.00000000000000            33707
         743  0.71277617675312199        304.00000000000000            33713
         744  0.71373679154658987        304.00000000000000            33727
         745  0.71469740634005763        305.00000000000000            33761
         746  0.71565802113352550        306.00000000000000            33837
         747  0.71661863592699326        306.00000000000000            33852
         748  0.71757925072046114        307.00000000000000            33858
         749  0.71853986551392890        307.00000000000000            33868
         750  0.71950048030739677        307.00000000000000            33886
         751  0.72046109510086453        307.00000000000000            33898
         752  0.72142170989433241        307.00000000000000            33901
         753  0.72238232468780017        307.00000000000000            33907
         754  0.72334293948126804        309.00000000000000            33985
         755  0.72430355427473581        309.00000000000000            33994
         756  0.72526416906820368        309.00000000000000            34012
         757  0.72622478386167144        309.00000000000000            34020
         758  0.72718539865513931        309.00000000000000            34023
         759  0.72814601344860708        309.00000000000000            34025
         760  0.72910662824207495        310.00000000000000            34043
         761  0.73006724303554271        310.00000000000000            34066
         762  0.73102785782901059        310.00000000000000            34087
         763  0.73198847262247835        310.00000000000000            34089
         764  0.73294908741594622        311.00000000000000            34096
         765  0.73390970220941398        311.00000000000000            34135
         766  0.73487031700288186        311.00000000000000            34138
         767  0.73583093179634962        311.00000000000000            34144
         768  0.73679154658981749        312.00000000000000            34191
         769  0.73775216138328525        312.00000000000000            34209
         770  0.73871277617675313        312.00000000000000            34212
         771  0.73967339097022089        313.00000000000000            34228
         772  0.74063400576368876        313.00000000000000            34234
         773  0.74159462055715653        313.00000000000000            34268
         773  0.74159462055715653        313.00000000000000            34268
         775  0.74351585014409227        314.00000000000000            34279
         776  0.74447646493756003        314.00000000000000            34283
         777  0.74543707973102791        315.00000000000000            34337
         778  0.74639769452449567        315.00000000000000            34379
         779  0.74735830931796354        315.00000000000000            34393
         780  0.74831892411143131        316.00000000000000            34396
         781  0.74927953890489918        316.00000000000000            34405
         782  0.75024015369836694        316.00000000000000            34423
         783  0.75120076849183481        316.00000000000000            34425
         784  0.75216138328530258        317.00000000000000            34459
         785  0.75312199807877045        317.00000000000000            34466
         786  0.75408261287223821        317.00000000000000            34476
         787  0.75504322766570608        317.00000000000000            34485
         788  0.75600384245917385        317.00000000000000            34493
         789  0.75696445725264172        318.00000000000000            34514
         790  0.75792507204610948        318.00000000000000            34567
         791  0.75888568683957736        319.00000000000000            34585
         792  0.75984630163304512        319.00000000000000            34589
         793  0.76080691642651299        319.00000000000000            34598
         794  0.76176753121998075        319.00000000000000            34623
         795  0.76272814601344863        319.00000000000000            34627
         796  0.76368876080691639        320.00000000000000            34654
         797  0.76464937560038426        320.00000000000000            34688
         798  0.76560999039385202        321.00000000000000            34704
         798  0.76560999039385202        321.00000000000000            34704
         800  0.76753121998078766        323.00000000000000            34837
         801  0.76849183477425553        324.00000000000000            34880
         802  0.76945244956772330        324.00000000000000            34897
         803  0.77041306436119117        324.00000000000000            34903
         804  0.77137367915465893        324.00000000000000            34904
         805  0.77233429394812680        324.00000000000000            34924
         806  0.77329490874159457        325.00000000000000            34947
         807  0.77425552353506244        325.00000000000000            34962
         808  0.77521613832853031        325.00000000000000            34992
         809  0.77617675312199808        326.00000000000000            35002
         810  0.77713736791546595        326.00000000000000            35026
         811  0.77809798270893371        326.00000000000000            35044
         812  0.77905859750240158        326.00000000000000            35049
         813  0.78001921229586935        327.00000000000000            35084
         814  0.78097982708933722        328.00000000000000            35132
         815  0.78194044188280498        328.00000000000000            35140
         816  0.78290105667627286        328.00000000000000            35141
         817  0.78386167146974062        328.00000000000000            35147
         818  0.78482228626320849        328.00000000000000            35164
         819  0.78578290105667625        329.00000000000000            35217
         820  0.78674351585014413        330.00000000000000            35281
         821  0.78770413064361189        331.00000000000000            35327
         822  0.78866474543707976        331.00000000000000            35336
         823  0.78962536023054752        332.00000000000000            35412
         824  0.79058597502401540        333.00000000000000            35427
         825  0.79154658981748316        333.00000000000000            35436
         826  0.79250720461095103        333.00000000000000            35448
         827  0.79346781940441879        333.00000000000000            35457
         828  0.79442843419788667        333.00000000000000            35466
         829  0.79538904899135443        334.00000000000000            35494
         830  0.79634966378482230        336.00000000000000            35621
         831  0.79731027857829007        336.00000000000000            35644
         832  0.79827089337175794        337.00000000000000            35663
         833  0.79923150816522570        337.00000000000000            35669
         834  0.80019212295869357        337.00000000000000            35683
         835  0.80115273775216134        337.00000000000000            35687
         836  0.80211335254562921        337.00000000000000            35694
         837  0.80307396733909697        337.00000000000000            35711
         838  0.80403458213256485        338.00000000000000            35724
         839  0.80499519692603261        338.00000000000000            35730
         840  0.80595581171950048        338.00000000000000            35744
         840  0.80595581171950048        338.00000000000000            35744
         842  0.80787704130643612        338.00000000000000            35754
         843  0.80883765609990399        338.00000000000000            35764
         844  0.80979827089337175        338.00000000000000            35765
         844  0.80979827089337175        338.00000000000000            35765
         846  0.81171950048030739        338.00000000000000            35766
         847  0.81268011527377526        338.00000000000000            35769
         848  0.81364073006724302        339.00000000000000            35798
         848  0.81364073006724302        339.00000000000000            35798
         850  0.81556195965417866        339.00000000000000            35812
         851  0.81652257444764653        340.00000000000000            35862
         852  0.81748318924111429        340.00000000000000            35880
         853  0.81844380403458217        341.00000000000000            35946
         854  0.81940441882804993        342.00000000000000            36013
         855  0.82036503362151780        343.00000000000000            36037
         856  0.82132564841498557        343.00000000000000            36043
         857  0.82228626320845344        345.00000000000000            36165
         858  0.82324687800192120        345.00000000000000            36177
         859  0.82420749279538907        345.00000000000000            36178
         860  0.82516810758885684        345.00000000000000            36191
         861  0.82612872238232471        346.00000000000000            36198
         862  0.82708933717579247        346.00000000000000            36201
         863  0.82804995196926034        346.00000000000000            36235
         864  0.82901056676272811        347.00000000000000            36266
         865  0.82997118155619598        349.00000000000000            36402
         866  0.83093179634966374        349.00000000000000            36403
         867  0.83189241114313162        350.00000000000000            36447
         868  0.83285302593659938        351.00000000000000            36500
         869  0.83381364073006725        351.00000000000000            36519
         870  0.83477425552353501        351.00000000000000            36547
         871  0.83573487031700289        352.00000000000000            36558
         872  0.83669548511047065        353.00000000000000            36660
         873  0.83765609990393852        354.00000000000000            36678
         874  0.83861671469740628        354.00000000000000            36708
         875  0.83957732949087416        354.00000000000000            36726
         876  0.84053794428434203        354.00000000000000            36733
         877  0.84149855907780979        356.00000000000000            36809
         878  0.84245917387127767        356.00000000000000            36830
         879  0.84341978866474543        356.00000000000000            36842
         880  0.84438040345821330        357.00000000000000            36855
         881  0.84534101825168106        357.00000000000000            36882
         882  0.84630163304514894        358.00000000000000            36963
         883  0.84726224783861670        358.00000000000000            36967
         884  0.84822286263208457        359.00000000000000            36977
         885  0.84918347742555234        359.00000000000000            37002
         886  0.85014409221902021        359.00000000000000            37006
         887  0.85110470701248797        360.00000000000000            37079
         888  0.85206532180595584        360.00000000000000            37091
         889  0.85302593659942361        361.00000000000000            37134
         890  0.85398655139289148        361.00000000000000            37140
         890  0.85398655139289148        361.00000000000000            37140
         892  0.85590778097982712        362.00000000000000            37166
         893  0.85686839577329488        362.00000000000000            37173
         894  0.85782901056676275        362.00000000000000            37192
         895  0.85878962536023051        363.00000000000000            37216
         896  0.85975024015369839        363.00000000000000            37234
         897  0.86071085494716615        363.00000000000000            37236
         898  0.86167146974063402        363.00000000000000            37262
         899  0.86263208453410178        365.00000000000000            37371
         900  0.86359269932756966        366.00000000000000            37449
         901  0.86455331412103742        367.00000000000000            37507
         901  0.86455331412103742        367.00000000000000            37507
         903  0.86647454370797306        368.00000000000000            37551
         904  0.86743515850144093        368.00000000000000            37556
         905  0.86839577329490869        369.00000000000000            37582
         906  0.86935638808837656        369.00000000000000            37584
         906  0.86935638808837656        369.00000000000000            37584
         908  0.87127761767531220        369.00000000000000            37587
         909  0.87223823246878007        369.00000000000000            37627
         910  0.87319884726224783        370.00000000000000            37662
         911  0.87415946205571571        370.00000000000000            37677
         912  0.87512007684918347        370.00000000000000            37691
         913  0.87608069164265134        371.00000000000000            37711
         914  0.87704130643611911        371.00000000000000            37720
         915  0.87800192122958698        372.00000000000000            37782
         916  0.87896253602305474        372.00000000000000            37796
         917  0.87992315081652261        374.00000000000000            37887
         918  0.88088376560999038        374.00000000000000            37888
         919  0.88184438040345825        375.00000000000000            37988
         920  0.88280499519692601        377.00000000000000            38067
         921  0.88376560999039389        377.00000000000000            38096
         922  0.88472622478386165        378.00000000000000            38143
         923  0.88568683957732952        378.00000000000000            38144
         924  0.88664745437079728        378.00000000000000            38164
         925  0.88760806916426516        379.00000000000000            38175
         926  0.88856868395773292        379.00000000000000            38178
         927  0.88952929875120079        379.00000000000000            38181
         928  0.89048991354466855        379.00000000000000            38184
         929  0.89145052833813643        379.00000000000000            38189
         930  0.89241114313160419        379.00000000000000            38215
         931  0.89337175792507206        380.00000000000000            38259
         932  0.89433237271853983        380.00000000000000            38270
         933  0.89529298751200770        381.00000000000000            38305
         934  0.89625360230547546        381.00000000000000            38306
         935  0.89721421709894333        381.00000000000000            38325
         936  0.89817483189241110        382.00000000000000            38404
         937  0.89913544668587897        383.00000000000000            38449
         938  0.90009606147934673        383.00000000000000            38459
         939  0.90105667627281461        383.00000000000000            38463
         940  0.90201729106628237        384.00000000000000            38480
         941  0.90297790585975024        384.00000000000000            38483
         942  0.90393852065321811        384.00000000000000            38500
         943  0.90489913544668588        384.00000000000000            38511
         944  0.90585975024015375        385.00000000000000            38588
         945  0.90682036503362151        386.00000000000000            38598
         945  0.90682036503362151        386.00000000000000            38598
         947  0.90874159462055715        386.00000000000000            38608
         948  0.90970220941402502        386.00000000000000            38614
         949  0.91066282420749278        386.00000000000000            38621
         950  0.91162343900096066        387.00000000000000            38671
         951  0.91258405379442842        390.00000000000000            38866
         952  0.91354466858789629        391.00000000000000            38898
         953  0.91450528338136405        391.00000000000000            38944
         954  0.91546589817483193        391.00000000000000            38945
         955  0.91642651296829969        392.00000000000000            39005
         956  0.91738712776176756        393.00000000000000            39020
         956  0.91738712776176756        393.00000000000000            39020
         958  0.91930835734870320        393.00000000000000            39021
         959  0.92026897214217096        393.00000000000000            39048
         960  0.92122958693563883        393.00000000000000            39063
         961  0.92219020172910660        394.00000000000000            39077
         962  0.92315081652257447        394.00000000000000            39081
         963  0.92411143131604223        394.00000000000000            39099
         964  0.92507204610951010        394.00000000000000            39121
         965  0.92603266090297787        395.00000000000000            39153
         966  0.92699327569644574        396.00000000000000            39194
         967  0.92795389048991350        396.00000000000000            39205
         968  0.92891450528338138        397.00000000000000            39259
         969  0.92987512007684914        398.00000000000000            39334
         970  0.93083573487031701        398.00000000000000            39345
         971  0.93179634966378477        398.00000000000000            39366
         972  0.93275696445725265        399.00000000000000            39386
         973  0.93371757925072041        399.00000000000000            39387
         974  0.93467819404418828        399.00000000000000            39408
         975  0.93563880883765616        400.00000000000000            39471
         976  0.93659942363112392        400.00000000000000            39491
         977  0.93756003842459179        401.00000000000000            39495
         978  0.93852065321805955        402.00000000000000            39554
         979  0.93948126801152743        402.00000000000000            39556
         980  0.94044188280499519        402.00000000000000            39557
         981  0.94140249759846306        403.00000000000000            39627
         982  0.94236311239193082        404.00000000000000            39716
         983  0.94332372718539870        405.00000000000000            39782
         984  0.94428434197886646        407.00000000000000            39887
         984  0.94428434197886646        407.00000000000000            39887
         986  0.94620557156580209        408.00000000000000            39954
         987  0.94716618635926997        410.00000000000000            40036
         988  0.94812680115273773        410.00000000000000            40060
         989  0.94908741594620560        410.00000000000000            40078
         990  0.95004803073967337        411.00000000000000            40102
         991  0.95100864553314124        412.00000000000000            40180
         992  0.95196926032660900        412.00000000000000            40181
         993  0.95292987512007687        412.00000000000000            40186
         994  0.95389048991354464        414.00000000000000            40316
         995  0.95485110470701251        415.00000000000000            40370
         996  0.95581171950048027        416.00000000000000            40402
         997  0.95677233429394815        416.00000000000000            40411
         998  0.95773294908741591        416.00000000000000            40412
         998  0.95773294908741591        416.00000000000000            40412
        1000  0.95965417867435154        416.00000000000000            40414
        1001  0.96061479346781942        417.00000000000000            40496
        1002  0.96157540826128718        418.00000000000000            40517
        1003  0.96253602305475505        418.00000000000000            40557
        1004  0.96349663784822281        419.00000000000000            40593
        1005  0.96445725264169069        419.00000000000000            40616
        1006  0.96541786743515845        419.00000000000000            40617
        1007  0.96637848222862632        421.00000000000000            40703
        1008  0.96733909702209409        422.00000000000000            40772
        1009  0.96829971181556196        422.00000000000000            40782
        1010  0.96926032660902983        424.00000000000000            40878
        1011  0.97022094140249759        424.00000000000000            40925
        1012  0.97118155619596547        424.00000000000000            40926
        1013  0.97214217098943323        425.00000000000000            40949
        1014  0.97310278578290110        427.00000000000000            41060
        1015  0.97406340057636887        427.00000000000000            41104
        1016  0.97502401536983674        430.00000000000000            41253
        1017  0.97598463016330450        431.00000000000000            41344
        1018  0.97694524495677237        431.00000000000000            41345
        1019  0.97790585975024014        433.00000000000000            41422
        1020  0.97886647454370801        434.00000000000000            41505
        1021  0.97982708933717577        434.00000000000000            41530
        1022  0.98078770413064364        437.00000000000000            41702
        1023  0.98174831892411141        438.00000000000000            41725
        1024  0.98270893371757928        439.00000000000000            41780
        1025  0.98366954851104704        440.00000000000000            41846
        1026  0.98463016330451492        443.00000000000000            42069
        1027  0.98559077809798268        444.00000000000000            42101
        1028  0.98655139289145055        444.00000000000000            42121
        1029  0.98751200768491831        446.00000000000000            42250
        1030  0.98847262247838619        446.00000000000000            42251
        1031  0.98943323727185395        447.00000000000000            42264
        1032  0.99039385206532182        450.00000000000000            42437
        1033  0.99135446685878958        451.00000000000000            42501
        1034  0.99231508165225746        451.00000000000000            42511
        1035  0.99327569644572522        451.00000000000000            42542
        1036  0.99423631123919309        452.00000000000000            42600
        1037  0.99519692603266086        454.00000000000000            42705
        1038  0.99615754082612873        459.00000000000000            43005
        1038  0.99615754082612873        459.00000000000000            43005
        1040  0.99807877041306436        460.00000000000000            43052
        1040  0.99807877041306436        460.00000000000000            43052
