           1   0.0000000000000000        0.0000000000000000            17878
           2   1.8867924528301887E-003   16.000000000000000            18861
           3   3.7735849056603774E-003   33.000000000000000            19911
           4   5.6603773584905656E-003   36.000000000000000            20087
           5   7.5471698113207548E-003   42.000000000000000            20413
           6   9.4339622641509430E-003   49.000000000000000            20861
           7   1.1320754716981131E-002   57.000000000000000            21335
           8   1.3207547169811321E-002   58.000000000000000            21404
           9   1.5094339622641510E-002   59.000000000000000            21459
          10   1.6981132075471698E-002   61.000000000000000            21544
          11   1.8867924528301886E-002   61.000000000000000            21558
          12   2.0754716981132074E-002   66.000000000000000            21880
          13   2.2641509433962263E-002   68.000000000000000            21998
          14   2.4528301886792454E-002   70.000000000000000            22134
          15   2.6415094339622643E-002   76.000000000000000            22494
          16   2.8301886792452831E-002   86.000000000000000            23078
          17   3.0188679245283019E-002   87.000000000000000            23098
          18   3.2075471698113207E-002   88.000000000000000            23166
          19   3.3962264150943396E-002   88.000000000000000            23213
          20   3.5849056603773584E-002   91.000000000000000            23359
          21   3.7735849056603772E-002   91.000000000000000            23383
          22   3.9622641509433960E-002   91.000000000000000            23388
          23   4.1509433962264149E-002   92.000000000000000            23402
          24   4.3396226415094337E-002   93.000000000000000            23482
          25   4.5283018867924525E-002   95.000000000000000            23584
          26   4.7169811320754720E-002   97.000000000000000            23749
          27   4.9056603773584909E-002   98.000000000000000            23778
          28   5.0943396226415097E-002   101.00000000000000            23966
          29   5.2830188679245285E-002   101.00000000000000            23978
          30   5.4716981132075473E-002   101.00000000000000            23983
          31   5.6603773584905662E-002   102.00000000000000            24039
          32   5.8490566037735850E-002   104.00000000000000            24157
          33   6.0377358490566038E-002   104.00000000000000            24169
          34   6.2264150943396226E-002   105.00000000000000            24219
          35   6.4150943396226415E-002   107.00000000000000            24345
          36   6.6037735849056603E-002   110.00000000000000            24518
          37   6.7924528301886791E-002   111.00000000000000            24541
          38   6.9811320754716980E-002   112.00000000000000            24604
          39   7.1698113207547168E-002   114.00000000000000            24718
          40   7.3584905660377356E-002   114.00000000000000            24773
          41   7.5471698113207544E-002   118.00000000000000            24972
          42   7.7358490566037733E-002   119.00000000000000            25048
          43   7.9245283018867921E-002   122.00000000000000            25250
          44   8.1132075471698109E-002   123.00000000000000            25263
          45   8.3018867924528297E-002   124.00000000000000            25342
          46   8.4905660377358486E-002   124.00000000000000            25344
          47   8.6792452830188674E-002   125.00000000000000            25393
          48   8.8679245283018862E-002   127.00000000000000            25502
          49   9.0566037735849050E-002   128.00000000000000            25576
          50   9.2452830188679239E-002   128.00000000000000            25579
          51   9.4339622641509441E-002   130.00000000000000            25711
          52   9.6226415094339629E-002   130.00000000000000            25722
          53   9.8113207547169817E-002   131.00000000000000            25738
          54  0.10000000000000001        131.00000000000000            25774
          55  0.10188679245283019        131.00000000000000            25786
          56  0.10377358490566038        131.00000000000000            25786
          57  0.10566037735849057        132.00000000000000            25816
          58  0.10754716981132076        134.00000000000000            25944
          59  0.10943396226415095        135.00000000000000            25989
          60  0.11132075471698114        135.00000000000000            26008
          61  0.11320754716981132        136.00000000000000            26055
          62  0.11509433962264151        137.00000000000000            26104
          63  0.11698113207547170        137.00000000000000            26138
          64  0.11886792452830189        138.00000000000000            26175
          65  0.12075471698113208        139.00000000000000            26253
          66  0.12264150943396226        140.00000000000000            26326
          67  0.12452830188679245        140.00000000000000            26330
          68  0.12641509433962264        141.00000000000000            26390
          69  0.12830188679245283        143.00000000000000            26490
          70  0.13018867924528302        143.00000000000000            26491
          71  0.13207547169811321        143.00000000000000            26497
          72  0.13396226415094339        144.00000000000000            26524
          73  0.13584905660377358        144.00000000000000            26548
          74  0.13773584905660377        146.00000000000000            26695
          75  0.13962264150943396        147.00000000000000            26704
          76  0.14150943396226415        147.00000000000000            26732
          77  0.14339622641509434        147.00000000000000            26747
          78  0.14528301886792452        148.00000000000000            26783
          79  0.14716981132075471        149.00000000000000            26855
          80  0.14905660377358490        150.00000000000000            26908
          81  0.15094339622641509        150.00000000000000            26908
          82  0.15283018867924528        151.00000000000000            26948
          83  0.15471698113207547        153.00000000000000            27064
          84  0.15660377358490565        153.00000000000000            27083
          85  0.15849056603773584        153.00000000000000            27083
          86  0.16037735849056603        153.00000000000000            27100
          87  0.16226415094339622        153.00000000000000            27114
          88  0.16415094339622641        154.00000000000000            27122
          89  0.16603773584905659        154.00000000000000            27149
          90  0.16792452830188678        154.00000000000000            27154
          91  0.16981132075471697        155.00000000000000            27182
          92  0.17169811320754716        155.00000000000000            27185
          93  0.17358490566037735        155.00000000000000            27186
          94  0.17547169811320754        156.00000000000000            27286
          95  0.17735849056603772        157.00000000000000            27327
          96  0.17924528301886791        157.00000000000000            27352
          97  0.18113207547169810        158.00000000000000            27398
          98  0.18301886792452829        159.00000000000000            27451
          99  0.18490566037735848        159.00000000000000            27454
         100  0.18679245283018867        160.00000000000000            27502
         101  0.18867924528301888        160.00000000000000            27508
         102  0.19056603773584907        161.00000000000000            27541
         103  0.19245283018867926        161.00000000000000            27541
         104  0.19433962264150945        161.00000000000000            27575
         105  0.19622641509433963        162.00000000000000            27611
         106  0.19811320754716982        162.00000000000000            27649
         107  0.20000000000000001        163.00000000000000            27658
         108  0.20188679245283020        163.00000000000000            27671
         109  0.20377358490566039        164.00000000000000            27738
         110  0.20566037735849058        164.00000000000000            27751
         111  0.20754716981132076        165.00000000000000            27782
         112  0.20943396226415095        165.00000000000000            27783
         113  0.21132075471698114        165.00000000000000            27788
         114  0.21320754716981133        165.00000000000000            27794
         115  0.21509433962264152        165.00000000000000            27795
         116  0.21698113207547171        166.00000000000000            27838
         117  0.21886792452830189        166.00000000000000            27896
         118  0.22075471698113208        167.00000000000000            27916
         119  0.22264150943396227        169.00000000000000            28055
         120  0.22452830188679246        169.00000000000000            28065
         121  0.22641509433962265        171.00000000000000            28185
         122  0.22830188679245284        172.00000000000000            28244
         123  0.23018867924528302        172.00000000000000            28256
         124  0.23207547169811321        173.00000000000000            28261
         125  0.23396226415094340        174.00000000000000            28325
         126  0.23584905660377359        174.00000000000000            28334
         127  0.23773584905660378        175.00000000000000            28421
         128  0.23962264150943396        176.00000000000000            28450
         129  0.24150943396226415        176.00000000000000            28484
         130  0.24339622641509434        177.00000000000000            28521
         131  0.24528301886792453        177.00000000000000            28533
         132  0.24716981132075472        178.00000000000000            28587
         133  0.24905660377358491        179.00000000000000            28621
         134  0.25094339622641509        179.00000000000000            28645
         135  0.25283018867924528        179.00000000000000            28677
         136  0.25471698113207547        181.00000000000000            28762
         137  0.25660377358490566        182.00000000000000            28806
         138  0.25849056603773585        182.00000000000000            28811
         139  0.26037735849056604        182.00000000000000            28838
         140  0.26226415094339622        182.00000000000000            28854
         141  0.26415094339622641        183.00000000000000            28863
         142  0.26603773584905660        185.00000000000000            29012
         143  0.26792452830188679        186.00000000000000            29057
         144  0.26981132075471698        186.00000000000000            29075
         145  0.27169811320754716        186.00000000000000            29085
         146  0.27358490566037735        187.00000000000000            29128
         147  0.27547169811320754        187.00000000000000            29148
         148  0.27735849056603773        187.00000000000000            29156
         149  0.27924528301886792        187.00000000000000            29157
         150  0.28113207547169811        188.00000000000000            29189
         151  0.28301886792452829        188.00000000000000            29189
         152  0.28490566037735848        188.00000000000000            29200
         153  0.28679245283018867        188.00000000000000            29208
         154  0.28867924528301886        190.00000000000000            29306
         155  0.29056603773584905        191.00000000000000            29353
         156  0.29245283018867924        191.00000000000000            29365
         157  0.29433962264150942        191.00000000000000            29378
         158  0.29622641509433961        192.00000000000000            29401
         159  0.29811320754716980        193.00000000000000            29492
         160  0.29999999999999999        193.00000000000000            29513
         161  0.30188679245283018        193.00000000000000            29517
         162  0.30377358490566037        194.00000000000000            29569
         163  0.30566037735849055        195.00000000000000            29579
         164  0.30754716981132074        195.00000000000000            29582
         165  0.30943396226415093        197.00000000000000            29728
         166  0.31132075471698112        197.00000000000000            29756
         167  0.31320754716981131        198.00000000000000            29759
         168  0.31509433962264149        198.00000000000000            29761
         169  0.31698113207547168        198.00000000000000            29766
         170  0.31886792452830187        198.00000000000000            29799
         171  0.32075471698113206        198.00000000000000            29806
         172  0.32264150943396225        199.00000000000000            29875
         173  0.32452830188679244        200.00000000000000            29937
         174  0.32641509433962262        201.00000000000000            29957
         175  0.32830188679245281        201.00000000000000            29995
         176  0.33018867924528300        202.00000000000000            30005
         177  0.33207547169811319        202.00000000000000            30009
         178  0.33396226415094338        202.00000000000000            30011
         179  0.33584905660377357        202.00000000000000            30025
         180  0.33773584905660375        202.00000000000000            30041
         181  0.33962264150943394        205.00000000000000            30216
         182  0.34150943396226413        205.00000000000000            30225
         183  0.34339622641509432        205.00000000000000            30235
         184  0.34528301886792451        206.00000000000000            30256
         185  0.34716981132075470        206.00000000000000            30271
         186  0.34905660377358488        206.00000000000000            30297
         187  0.35094339622641507        208.00000000000000            30383
         188  0.35283018867924526        209.00000000000000            30421
         189  0.35471698113207545        209.00000000000000            30423
         190  0.35660377358490564        209.00000000000000            30427
         191  0.35849056603773582        209.00000000000000            30430
         192  0.36037735849056601        209.00000000000000            30432
         193  0.36226415094339620        209.00000000000000            30436
         194  0.36415094339622639        209.00000000000000            30468
         195  0.36603773584905658        209.00000000000000            30468
         196  0.36792452830188677        210.00000000000000            30479
         197  0.36981132075471695        211.00000000000000            30557
         198  0.37169811320754714        211.00000000000000            30568
         199  0.37358490566037733        211.00000000000000            30580
         200  0.37547169811320757        212.00000000000000            30624
         201  0.37735849056603776        212.00000000000000            30641
         202  0.37924528301886795        213.00000000000000            30683
         203  0.38113207547169814        213.00000000000000            30704
         204  0.38301886792452833        213.00000000000000            30710
         205  0.38490566037735852        213.00000000000000            30714
         206  0.38679245283018870        213.00000000000000            30717
         207  0.38867924528301889        214.00000000000000            30740
         208  0.39056603773584908        214.00000000000000            30749
         209  0.39245283018867927        214.00000000000000            30767
         210  0.39433962264150946        215.00000000000000            30783
         211  0.39622641509433965        215.00000000000000            30802
         212  0.39811320754716983        215.00000000000000            30831
         213  0.40000000000000002        216.00000000000000            30846
         214  0.40188679245283021        216.00000000000000            30867
         215  0.40377358490566040        216.00000000000000            30868
         216  0.40566037735849059        217.00000000000000            30905
         217  0.40754716981132078        218.00000000000000            30977
         218  0.40943396226415096        218.00000000000000            31010
         219  0.41132075471698115        219.00000000000000            31026
         220  0.41320754716981134        219.00000000000000            31026
         221  0.41509433962264153        219.00000000000000            31028
         222  0.41698113207547172        219.00000000000000            31028
         223  0.41886792452830190        220.00000000000000            31084
         224  0.42075471698113209        220.00000000000000            31099
         225  0.42264150943396228        221.00000000000000            31173
         226  0.42452830188679247        221.00000000000000            31174
         227  0.42641509433962266        221.00000000000000            31176
         228  0.42830188679245285        221.00000000000000            31187
         229  0.43018867924528303        221.00000000000000            31188
         230  0.43207547169811322        221.00000000000000            31190
         231  0.43396226415094341        221.00000000000000            31196
         232  0.43584905660377360        222.00000000000000            31212
         233  0.43773584905660379        222.00000000000000            31229
         234  0.43962264150943398        222.00000000000000            31238
         235  0.44150943396226416        223.00000000000000            31313
         236  0.44339622641509435        224.00000000000000            31371
         237  0.44528301886792454        225.00000000000000            31387
         238  0.44716981132075473        225.00000000000000            31400
         239  0.44905660377358492        225.00000000000000            31402
         240  0.45094339622641511        225.00000000000000            31404
         241  0.45283018867924529        225.00000000000000            31404
         242  0.45471698113207548        225.00000000000000            31417
         243  0.45660377358490567        225.00000000000000            31431
         244  0.45849056603773586        225.00000000000000            31432
         245  0.46037735849056605        226.00000000000000            31495
         246  0.46226415094339623        227.00000000000000            31512
         247  0.46415094339622642        227.00000000000000            31544
         248  0.46603773584905661        227.00000000000000            31549
         249  0.46792452830188680        227.00000000000000            31549
         250  0.46981132075471699        228.00000000000000            31563
         251  0.47169811320754718        228.00000000000000            31585
         252  0.47358490566037736        228.00000000000000            31592
         253  0.47547169811320755        229.00000000000000            31627
         254  0.47735849056603774        229.00000000000000            31641
         255  0.47924528301886793        229.00000000000000            31653
         256  0.48113207547169812        230.00000000000000            31737
         257  0.48301886792452831        231.00000000000000            31766
         258  0.48490566037735849        231.00000000000000            31794
         259  0.48679245283018868        232.00000000000000            31846
         260  0.48867924528301887        233.00000000000000            31884
         261  0.49056603773584906        234.00000000000000            31933
         262  0.49245283018867925        234.00000000000000            31934
         263  0.49433962264150944        235.00000000000000            31991
         264  0.49622641509433962        235.00000000000000            32028
         265  0.49811320754716981        236.00000000000000            32051
         266  0.50000000000000000        236.00000000000000            32061
         267  0.50188679245283019        236.00000000000000            32068
         268  0.50377358490566038        236.00000000000000            32070
         269  0.50566037735849056        237.00000000000000            32116
         270  0.50754716981132075        237.00000000000000            32134
         271  0.50943396226415094        238.00000000000000            32189
         272  0.51132075471698113        238.00000000000000            32190
         273  0.51320754716981132        238.00000000000000            32211
         274  0.51509433962264151        239.00000000000000            32223
         275  0.51698113207547169        239.00000000000000            32265
         276  0.51886792452830188        240.00000000000000            32286
         277  0.52075471698113207        240.00000000000000            32299
         278  0.52264150943396226        240.00000000000000            32335
         279  0.52452830188679245        240.00000000000000            32337
         280  0.52641509433962264        241.00000000000000            32355
         281  0.52830188679245282        241.00000000000000            32385
         282  0.53018867924528301        241.00000000000000            32389
         283  0.53207547169811320        242.00000000000000            32406
         284  0.53396226415094339        242.00000000000000            32417
         285  0.53584905660377358        242.00000000000000            32441
         286  0.53773584905660377        242.00000000000000            32443
         287  0.53962264150943395        243.00000000000000            32500
         288  0.54150943396226414        244.00000000000000            32570
         289  0.54339622641509433        244.00000000000000            32573
         290  0.54528301886792452        246.00000000000000            32638
         291  0.54716981132075471        246.00000000000000            32647
         292  0.54905660377358489        247.00000000000000            32706
         293  0.55094339622641508        247.00000000000000            32719
         294  0.55283018867924527        247.00000000000000            32744
         295  0.55471698113207546        248.00000000000000            32791
         296  0.55660377358490565        248.00000000000000            32795
         297  0.55849056603773584        249.00000000000000            32833
         298  0.56037735849056602        249.00000000000000            32873
         299  0.56226415094339621        249.00000000000000            32874
         300  0.56415094339622640        250.00000000000000            32888
         301  0.56603773584905659        250.00000000000000            32916
         302  0.56792452830188678        250.00000000000000            32919
         303  0.56981132075471697        250.00000000000000            32923
         304  0.57169811320754715        251.00000000000000            32995
         305  0.57358490566037734        252.00000000000000            33026
         306  0.57547169811320753        252.00000000000000            33039
         307  0.57735849056603772        252.00000000000000            33047
         308  0.57924528301886791        253.00000000000000            33090
         309  0.58113207547169810        253.00000000000000            33107
         310  0.58301886792452828        253.00000000000000            33113
         311  0.58490566037735847        254.00000000000000            33134
         312  0.58679245283018866        254.00000000000000            33148
         313  0.58867924528301885        254.00000000000000            33166
         314  0.59056603773584904        255.00000000000000            33201
         315  0.59245283018867922        256.00000000000000            33281
         316  0.59433962264150941        257.00000000000000            33304
         317  0.59622641509433960        258.00000000000000            33386
         318  0.59811320754716979        259.00000000000000            33428
         319  0.59999999999999998        259.00000000000000            33453
         320  0.60188679245283017        260.00000000000000            33491
         321  0.60377358490566035        260.00000000000000            33509
         322  0.60566037735849054        260.00000000000000            33533
         323  0.60754716981132073        260.00000000000000            33535
         324  0.60943396226415092        261.00000000000000            33538
         325  0.61132075471698111        261.00000000000000            33546
         326  0.61320754716981130        261.00000000000000            33575
         327  0.61509433962264148        261.00000000000000            33581
         328  0.61698113207547167        262.00000000000000            33599
         329  0.61886792452830186        262.00000000000000            33617
         330  0.62075471698113205        263.00000000000000            33717
         331  0.62264150943396224        264.00000000000000            33722
         332  0.62452830188679243        264.00000000000000            33732
         333  0.62641509433962261        264.00000000000000            33761
         334  0.62830188679245280        265.00000000000000            33819
         335  0.63018867924528299        265.00000000000000            33836
         336  0.63207547169811318        265.00000000000000            33837
         337  0.63396226415094337        266.00000000000000            33852
         338  0.63584905660377355        266.00000000000000            33858
         339  0.63773584905660374        266.00000000000000            33884
         340  0.63962264150943393        267.00000000000000            33913
         341  0.64150943396226412        268.00000000000000            33973
         342  0.64339622641509431        268.00000000000000            33974
         343  0.64528301886792450        268.00000000000000            34010
         344  0.64716981132075468        269.00000000000000            34035
         345  0.64905660377358487        269.00000000000000            34070
         346  0.65094339622641506        269.00000000000000            34073
         347  0.65283018867924525        270.00000000000000            34114
         348  0.65471698113207544        271.00000000000000            34194
         349  0.65660377358490563        271.00000000000000            34197
         350  0.65849056603773581        273.00000000000000            34300
         351  0.66037735849056600        273.00000000000000            34315
         352  0.66226415094339619        275.00000000000000            34419
         353  0.66415094339622638        276.00000000000000            34441
         354  0.66603773584905657        276.00000000000000            34452
         355  0.66792452830188676        276.00000000000000            34467
         356  0.66981132075471694        276.00000000000000            34474
         357  0.67169811320754713        276.00000000000000            34475
         358  0.67358490566037732        276.00000000000000            34476
         359  0.67547169811320751        276.00000000000000            34476
         360  0.67735849056603770        277.00000000000000            34531
         361  0.67924528301886788        278.00000000000000            34608
         362  0.68113207547169807        278.00000000000000            34611
         363  0.68301886792452826        279.00000000000000            34650
         364  0.68490566037735845        279.00000000000000            34659
         365  0.68679245283018864        280.00000000000000            34725
         366  0.68867924528301883        281.00000000000000            34747
         367  0.69056603773584901        281.00000000000000            34748
         368  0.69245283018867920        281.00000000000000            34753
         369  0.69433962264150939        284.00000000000000            34922
         370  0.69622641509433958        284.00000000000000            34952
         371  0.69811320754716977        284.00000000000000            34969
         372  0.69999999999999996        284.00000000000000            34970
         373  0.70188679245283014        284.00000000000000            34974
         374  0.70377358490566033        285.00000000000000            34980
         375  0.70566037735849052        285.00000000000000            35000
         376  0.70754716981132071        285.00000000000000            35020
         377  0.70943396226415090        285.00000000000000            35021
         378  0.71132075471698109        286.00000000000000            35042
         379  0.71320754716981127        286.00000000000000            35065
         380  0.71509433962264146        288.00000000000000            35166
         381  0.71698113207547165        288.00000000000000            35192
         382  0.71886792452830184        291.00000000000000            35383
         383  0.72075471698113203        292.00000000000000            35417
         384  0.72264150943396221        292.00000000000000            35418
         385  0.72452830188679240        292.00000000000000            35422
         386  0.72641509433962259        292.00000000000000            35443
         387  0.72830188679245278        292.00000000000000            35444
         388  0.73018867924528297        292.00000000000000            35445
         389  0.73207547169811316        292.00000000000000            35455
         390  0.73396226415094334        292.00000000000000            35455
         391  0.73584905660377353        293.00000000000000            35482
         392  0.73773584905660372        295.00000000000000            35592
         393  0.73962264150943391        297.00000000000000            35714
         394  0.74150943396226410        297.00000000000000            35717
         395  0.74339622641509429        298.00000000000000            35777
         396  0.74528301886792447        298.00000000000000            35808
         397  0.74716981132075466        298.00000000000000            35809
         398  0.74905660377358485        298.00000000000000            35811
         399  0.75094339622641515        298.00000000000000            35814
         400  0.75283018867924534        299.00000000000000            35847
         401  0.75471698113207553        300.00000000000000            35891
         402  0.75660377358490571        300.00000000000000            35914
         403  0.75849056603773590        301.00000000000000            35960
         404  0.76037735849056609        304.00000000000000            36175
         405  0.76226415094339628        305.00000000000000            36219
         406  0.76415094339622647        305.00000000000000            36225
         407  0.76603773584905666        305.00000000000000            36230
         408  0.76792452830188684        306.00000000000000            36265
         409  0.76981132075471703        306.00000000000000            36282
         410  0.77169811320754722        308.00000000000000            36371
         411  0.77358490566037741        308.00000000000000            36407
         412  0.77547169811320760        310.00000000000000            36482
         413  0.77735849056603779        311.00000000000000            36573
         414  0.77924528301886797        312.00000000000000            36609
         415  0.78113207547169816        312.00000000000000            36612
         416  0.78301886792452835        312.00000000000000            36614
         417  0.78490566037735854        314.00000000000000            36746
         418  0.78679245283018873        314.00000000000000            36749
         419  0.78867924528301891        314.00000000000000            36755
         420  0.79056603773584910        315.00000000000000            36782
         421  0.79245283018867929        316.00000000000000            36893
         422  0.79433962264150948        317.00000000000000            36898
         423  0.79622641509433967        317.00000000000000            36918
         424  0.79811320754716986        319.00000000000000            37076
         425  0.80000000000000004        320.00000000000000            37093
         426  0.80188679245283023        320.00000000000000            37100
         427  0.80377358490566042        322.00000000000000            37202
         428  0.80566037735849061        323.00000000000000            37275
         429  0.80754716981132080        323.00000000000000            37277
         430  0.80943396226415099        323.00000000000000            37281
         431  0.81132075471698117        324.00000000000000            37365
         432  0.81320754716981136        325.00000000000000            37403
         433  0.81509433962264155        325.00000000000000            37409
         434  0.81698113207547174        325.00000000000000            37418
         435  0.81886792452830193        326.00000000000000            37467
         436  0.82075471698113212        326.00000000000000            37484
         437  0.82264150943396230        326.00000000000000            37491
         438  0.82452830188679249        327.00000000000000            37535
         439  0.82641509433962268        328.00000000000000            37598
         440  0.82830188679245287        328.00000000000000            37612
         441  0.83018867924528306        329.00000000000000            37665
         442  0.83207547169811324        329.00000000000000            37666
         443  0.83396226415094343        330.00000000000000            37692
         444  0.83584905660377362        332.00000000000000            37823
         445  0.83773584905660381        332.00000000000000            37826
         446  0.83962264150943400        332.00000000000000            37840
         447  0.84150943396226419        332.00000000000000            37842
         448  0.84339622641509437        333.00000000000000            37900
         449  0.84528301886792456        337.00000000000000            38114
         450  0.84716981132075475        337.00000000000000            38137
         451  0.84905660377358494        341.00000000000000            38396
         452  0.85094339622641513        342.00000000000000            38405
         453  0.85283018867924532        342.00000000000000            38409
         454  0.85471698113207550        342.00000000000000            38430
         455  0.85660377358490569        343.00000000000000            38507
         456  0.85849056603773588        345.00000000000000            38587
         457  0.86037735849056607        346.00000000000000            38660
         458  0.86226415094339626        347.00000000000000            38711
         459  0.86415094339622645        350.00000000000000            38881
         460  0.86603773584905663        350.00000000000000            38889
         461  0.86792452830188682        350.00000000000000            38897
         462  0.86981132075471701        350.00000000000000            38899
         463  0.87169811320754720        351.00000000000000            38973
         464  0.87358490566037739        351.00000000000000            38996
         465  0.87547169811320757        352.00000000000000            39039
         466  0.87735849056603776        352.00000000000000            39048
         467  0.87924528301886795        352.00000000000000            39055
         468  0.88113207547169814        353.00000000000000            39067
         469  0.88301886792452833        353.00000000000000            39067
         470  0.88490566037735852        353.00000000000000            39097
         471  0.88679245283018870        354.00000000000000            39140
         472  0.88867924528301889        354.00000000000000            39144
         473  0.89056603773584908        355.00000000000000            39235
         474  0.89245283018867927        356.00000000000000            39266
         475  0.89433962264150946        358.00000000000000            39358
         476  0.89622641509433965        359.00000000000000            39448
         477  0.89811320754716983        359.00000000000000            39451
         478  0.90000000000000002        359.00000000000000            39458
         479  0.90188679245283021        362.00000000000000            39640
         480  0.90377358490566040        366.00000000000000            39845
         481  0.90566037735849059        366.00000000000000            39882
         482  0.90754716981132078        368.00000000000000            40000
         483  0.90943396226415096        369.00000000000000            40041
         484  0.91132075471698115        369.00000000000000            40042
         485  0.91320754716981134        373.00000000000000            40282
         486  0.91509433962264153        374.00000000000000            40340
         487  0.91698113207547172        377.00000000000000            40525
         488  0.91886792452830190        377.00000000000000            40555
         489  0.92075471698113209        377.00000000000000            40556
         490  0.92264150943396228        378.00000000000000            40592
         491  0.92452830188679247        382.00000000000000            40812
         492  0.92641509433962266        382.00000000000000            40817
         493  0.92830188679245285        384.00000000000000            40971
         494  0.93018867924528303        385.00000000000000            41020
         495  0.93207547169811322        386.00000000000000            41097
         496  0.93396226415094341        387.00000000000000            41103
         497  0.93584905660377360        387.00000000000000            41138
         498  0.93773584905660379        387.00000000000000            41148
         499  0.93962264150943398        391.00000000000000            41339
         500  0.94150943396226416        391.00000000000000            41396
         501  0.94339622641509435        393.00000000000000            41517
         502  0.94528301886792454        398.00000000000000            41799
         503  0.94716981132075473        401.00000000000000            41950
         504  0.94905660377358492        415.00000000000000            42806
         505  0.95094339622641511        417.00000000000000            42903
         506  0.95283018867924529        419.00000000000000            43044
         507  0.95471698113207548        420.00000000000000            43097
         508  0.95660377358490567        420.00000000000000            43124
         509  0.95849056603773586        424.00000000000000            43334
         510  0.96037735849056605        428.00000000000000            43566
         511  0.96226415094339623        436.00000000000000            44085
         512  0.96415094339622642        443.00000000000000            44470
         513  0.96603773584905661        443.00000000000000            44473
         514  0.96792452830188680        449.00000000000000            44833
         515  0.96981132075471699        460.00000000000000            45502
         516  0.97169811320754718        461.00000000000000            45541
         517  0.97358490566037736        462.00000000000000            45649
         518  0.97547169811320755        464.00000000000000            45771
         519  0.97735849056603774        470.00000000000000            46109
         520  0.97924528301886793        470.00000000000000            46109
         521  0.98113207547169812        475.00000000000000            46390
         522  0.98301886792452831        475.00000000000000            46434
         523  0.98490566037735849        476.00000000000000            46491
         524  0.98679245283018868        478.00000000000000            46565
         525  0.98867924528301887        483.00000000000000            46895
         526  0.99056603773584906        483.00000000000000            46897
         527  0.99245283018867925        499.00000000000000            47833
         528  0.99433962264150944        520.00000000000000            49101
         529  0.99622641509433962        570.00000000000000            52079
         530  0.99811320754716981        579.00000000000000            52637
