   0.0000000000000000        2.2212263670251298E-004
   3.5510204081632653        2.4700747991294553E-004
   7.1020408163265305        2.7417026792454443E-004
   10.653061224489797        3.0388806690779548E-004
   14.204081632653061        3.3644661443601732E-004
   17.755102040816325        3.7212236265374548E-004
   21.306122448979593        4.1116205671734590E-004
   24.857142857142858        4.5376145263136669E-004
   28.408163265306122        5.0004504025824266E-004
   31.959183673469386        5.5004870627428204E-004
   35.510204081632651        6.0370712140736472E-004
   39.061224489795919        6.6084726754149753E-004
   42.612244897959187        7.2118896474022433E-004
   46.163265306122447        7.8435257586236505E-004
   49.714285714285715        8.4987333892848035E-004
   53.265306122448976        9.1722109762463425E-004
   56.816326530612244        9.8582365919637981E-004
   60.367346938775512        1.0550916816565641E-003
   63.918367346938773        1.1244429260315071E-003
   67.469387755102034        1.1933239154006724E-003
   71.020408163265301        1.2612274925519786E-003
   74.571428571428569        1.3277053977182134E-003
   78.122448979591837        1.3923757052428415E-003
   81.673469387755105        1.4549256574558926E-003
   85.224489795918373        1.5151110120558580E-003
   88.775510204081627        1.5727533907202464E-003
   92.326530612244895        1.6277372280459575E-003
   95.877551020408163        1.6800077580359906E-003
   99.428571428571431        1.7295710694214671E-003
   102.97959183673470        1.7764966782485565E-003
   106.53061224489795        1.8209224008175812E-003
   110.08163265306122        1.8630606691917527E-003
   113.63265306122449        1.9032049178714756E-003
   117.18367346938776        1.9417343666182246E-003
   120.73469387755102        1.9791154810845134E-003
   124.28571428571428        2.0158986204573555E-003
   127.83673469387755        2.0527088497488038E-003
   131.38775510204081        2.0902305383895228E-003
   134.93877551020407        2.1291860963617670E-003
   138.48979591836735        2.1703099133350526E-003
   142.04081632653060        2.2143191683289131E-003
   145.59183673469389        2.2618835883287318E-003
   149.14285714285714        2.3135964032946349E-003
   152.69387755102039        2.3699486554475666E-003
   156.24489795918367        2.4313086904954183E-003
   159.79591836734693        2.4979081356365533E-003
   163.34693877551021        2.5698350236030110E-003
   166.89795918367346        2.6470340345833123E-003
   170.44897959183675        2.7293131792154217E-003
   174.00000000000000        2.8163557061137777E-003
   177.55102040816325        2.9077356385736235E-003
   181.10204081632654        3.0029351566264145E-003
   184.65306122448979        3.1013620485350396E-003
   188.20408163265307        3.2023656449578536E-003
   191.75510204081633        3.3052499874904264E-003
   195.30612244897958        3.4092834281221748E-003
   198.85714285714286        3.5137043589410794E-003
   202.40816326530611        3.6177232833737335E-003
   205.95918367346940        3.7205219158432234E-003
   209.51020408163265        3.8212503961581553E-003
   213.06122448979590        3.9190239954863338E-003
   216.61224489795919        4.0129208475884713E-003
   220.16326530612244        4.1019822458981895E-003
   223.71428571428572        4.1852168974996573E-003
   227.26530612244898        4.2616102235305056E-003
   230.81632653061223        4.3301393588688125E-003
   234.36734693877551        4.3897939622839542E-003
   237.91836734693877        4.4396023447278608E-003
   241.46938775510205        4.4786618123700567E-003
   245.02040816326530        4.5061715636226709E-003
   248.57142857142856        4.5214660380647692E-003
   252.12244897959184        4.5240463457780307E-003
   255.67346938775509        4.5136073498736563E-003
   259.22448979591837        4.4900581535111022E-003
   262.77551020408163        4.4535341501521358E-003
   266.32653061224488        4.4043993993755593E-003
   269.87755102040813        4.3432388323696230E-003
   273.42857142857144        4.2708405943033250E-003
   276.97959183673470        4.1881696085631906E-003
   280.53061224489795        4.0963341152701676E-003
   284.08163265306121        3.9965474214934881E-003
   287.63265306122446        3.8900873539815732E-003
   291.18367346938777        3.7782559075530495E-003
   294.73469387755102        3.6623413462669556E-003
   298.28571428571428        3.5435845828762206E-003
   301.83673469387753        3.4231511009965030E-003
   305.38775510204079        3.3021090733169876E-003
   308.93877551020410        3.1814137487819727E-003
   312.48979591836735        3.0618977020620023E-003
   316.04081632653060        2.9442662091443209E-003
   319.59183673469386        2.8290968554934054E-003
   323.14285714285711        2.7168424905490646E-003
   326.69387755102042        2.6078367803121782E-003
   330.24489795918367        2.5023018249138522E-003
   333.79591836734693        2.4003575376808700E-003
   337.34693877551018        2.3020326660897457E-003
   340.89795918367349        2.2072774264619275E-003
   344.44897959183675        2.1159776986556557E-003
   348.00000000000000        2.0279705862371231E-003
   351.55102040816325        1.9430609197026872E-003
   355.10204081632651        1.8610380142992445E-003
   358.65306122448982        1.7816917507653455E-003
   362.20408163265307        1.7048268882674171E-003
   365.75510204081633        1.6302744940282264E-003
   369.30612244897958        1.5578995124961943E-003
   372.85714285714283        1.4876037996281596E-003
   376.40816326530614        1.4193243869705732E-003
   379.95918367346940        1.3530272619960129E-003
   383.51020408163265        1.2886974841421462E-003
   387.06122448979590        1.2263269222854423E-003
   390.61224489795916        1.1659012270852211E-003
   394.16326530612247        1.1073877866395448E-003
   397.71428571428572        1.0507263287938763E-003
   401.26530612244898        9.9582353224692802E-004
   404.81632653061223        9.4255252648945906E-004
   408.36734693877548        8.9075755884811313E-004
   411.91836734693879        8.4026346376768447E-004
   415.46938775510205        7.9088896876810101E-004
   419.02040816326530        7.4246239054283304E-004
   422.57142857142856        6.9483797340535872E-004
   426.12244897959181        6.4791103552606206E-004
   429.67346938775512        6.0163022177752822E-004
   433.22448979591837        5.5600549241583102E-004
   436.77551020408163        5.1111095685518726E-004
   440.32653061224488        4.6708222732283852E-004
   443.87755102040813        4.2410854683975216E-004
   447.42857142857144        3.8242047096384937E-004
   450.97959183673470        3.4227429559206281E-004
   454.53061224489795        3.0393468425412966E-004
   458.08163265306121        2.6765703961114865E-004
   461.63265306122446        2.3367108901677227E-004
   465.18367346938777        2.0216693604209999E-004
   468.73469387755102        1.7328450632069593E-004
   472.28571428571428        1.4710693272153289E-004
   475.83673469387753        1.2365802917827778E-004
   479.38775510204079        1.0290363764870015E-004
   482.93877551020410        8.4756332799617955E-005
   486.48979591836735        6.9082756354900044E-005
   490.04081632653060        5.5712736971029048E-005
   493.59183673469386        4.4449329311157418E-005
   497.14285714285711        3.5078965112812224E-005
   500.69387755102042        2.7381030166792916E-005
   504.24489795918367        2.1136341589407729E-005
   507.79591836734693        1.6134176818299712E-005
   511.34693877551018        1.2177679181800477E-005
   514.89795918367349        9.0876188425880048E-006
   518.44897959183675        6.7046118501877124E-006
   522.00000000000000        4.8899887771877737E-006
   525.55102040816325        3.5255575628749971E-006
   529.10204081632651        2.5125260839704375E-006
   532.65306122448976        1.7698444386508953E-006
   536.20408163265301        1.2322020246722244E-006
   539.75510204081627        8.4787741889400981E-007
   543.30612244897964        5.7659634700185553E-007
   546.85714285714289        3.8750998378263843E-007
   550.40816326530614        2.5736631144759274E-007
   553.95918367346940        1.6891369845598988E-007
   557.51020408163265        1.0954936982090598E-007
   561.06122448979590        7.0206127771263849E-008
   564.61224489795916        4.4457937707027781E-008
   568.16326530612241        2.7817780959335663E-008
   571.71428571428567        1.7198274904544947E-008
   575.26530612244892        1.0505759804905301E-008
   578.81632653061229        6.3407658121426343E-009
   582.36734693877554        3.7811126770460081E-009
   585.91836734693879        2.2276843348583564E-009
   589.46938775510205        1.2966916422555619E-009
   593.02040816326530        7.4569651860178893E-010
   596.57142857142856        4.2366594803149383E-010
   600.12244897959181        2.3780177797855098E-010
   603.67346938775506        1.3186548015936597E-010
   607.22448979591832        7.2238103091928586E-011
   610.77551020408157        3.9094506517756690E-011
   614.32653061224494        2.0901362808873543E-011
   617.87755102040819        1.1039222205549270E-011
   621.42857142857144        5.7597433344209023E-012
   624.97959183673470        2.9686881692980111E-012
   628.53061224489795        1.5115379491463077E-012
   632.08163265306121        7.6026147125461229E-013
   635.63265306122446        3.7774000648296284E-013
   639.18367346938771        1.8539834904580377E-013
   642.73469387755097        8.9887352848668924E-014
   646.28571428571422        4.3049518684710410E-014
   649.83673469387759        2.0366306393526609E-014
   653.38775510204084        9.5176106337271212E-015
   656.93877551020410        4.3935223554945819E-015
   660.48979591836735        2.0033861989563409E-015
   664.04081632653060        9.0236293549248409E-016
   667.59183673469386        4.0147681324652333E-016
   671.14285714285711        1.7644134455023164E-016
   674.69387755102036        7.6594756657046160E-017
   678.24489795918362        3.2843900684886740E-017
   681.79591836734699        1.3911236424652926E-017
   685.34693877551024        5.8200998242712173E-018
   688.89795918367349        2.4051784509683445E-018
   692.44897959183675        9.8178159521298427E-019
   696.00000000000000        3.9585104367239766E-019
   699.55102040816325        1.5765099234197568E-019
   703.10204081632651        6.2016660171753240E-020
   706.65306122448976        2.4097145206183498E-020
   710.20408163265301        9.2484133350333368E-021
   713.75510204081627        3.5060023141881518E-021
   717.30612244897964        1.3128027009913042E-021
   720.85714285714289        4.8554337650811471E-022
   724.40816326530614        1.7737686507865148E-022
   727.95918367346940        6.4003745012778527E-023
   731.51020408163265        2.2811424747620894E-023
   735.06122448979590        8.0304009761877739E-024
   738.61224489795916        2.7922806379110055E-024
   742.16326530612241        9.5899681709792139E-025
   745.71428571428567        3.2532004243184319E-025
   749.26530612244892        1.0900322476360004E-025
   752.81632653061229        3.6074647134762696E-026
   756.36734693877554        1.1792297644033018E-026
   759.91836734693879        3.8073935657906621E-027
   763.46938775510205        1.2141980688738349E-027
   767.02040816326530        3.8245750181873040E-028
   770.57142857142856        1.1898937574677813E-028
   774.12244897959181        3.6564870733399167E-029
   777.67346938775506        1.1098141864354468E-029
   781.22448979591832        3.3271042862811516E-030
   784.77551020408157        9.8517192261209654E-031
   788.32653061224494        2.8812880934635586E-031
   791.87755102040819        8.3231933411358503E-032
   795.42857142857144        2.3747698761998505E-032
   798.97959183673470        6.6923855804826006E-033
   802.53061224489795        1.8628071409676780E-033
   806.08163265306121        5.1213210719870373E-034
   809.63265306122446        1.3906663716044294E-034
   813.18367346938771        3.7298418899208436E-035
   816.73469387755097        9.8806179250135014E-036
   820.28571428571422        2.5852569209982828E-036
   823.83673469387759        6.6811150456164039E-037
   827.38775510204084        1.7053736795319872E-037
   830.93877551020410        4.2994733845964761E-038
   834.48979591836735        1.0706211665388073E-038
   838.04081632653060        2.6331827105134292E-039
   841.59183673469386        6.3966198332292059E-040
   845.14285714285711        1.5347733062245994E-040
   848.69387755102036        3.6371554995349837E-041
   852.24489795918362        8.5134036920776398E-042
   855.79591836734687        1.9681949451091605E-042
   859.34693877551024        4.4942407106401866E-043
   862.89795918367349        1.0136025468630176E-043
   866.44897959183675        2.2578860662311617E-044
   870.00000000000000        4.9677433112311602E-045

