   0.0000000000000000        1.1207585535158246E-004
   2.1890359168241966        1.2151976984685278E-004
   4.3780718336483933        1.3152795690185950E-004
   6.5671077504725899        1.4212240822939983E-004
   8.7561436672967865        1.5332515666519248E-004
   10.945179584120982        1.6515803942981013E-004
   13.134215500945180        1.7764245948671546E-004
   15.323251417769377        1.9079916013008355E-004
   17.512287334593573        2.0464802809840678E-004
   19.701323251417769        2.1920793958936656E-004
   21.890359168241964        2.3449666153667957E-004
   24.079395085066164        2.5053081747354318E-004
   26.268431001890360        2.6732592340888755E-004
   28.457466918714555        2.8489649462208741E-004
   30.646502835538755        3.0325621944803327E-004
   32.835538752362950        3.2241819133564019E-004
   35.024574669187146        3.4239518610136322E-004
   37.213610586011342        3.6319996774092020E-004
   39.402646502835537        3.8484560374432209E-004
   41.591682419659733        4.0734576984736542E-004
   43.780718336483929        4.3071502471135153E-004
   45.969754253308132        4.5496903719219854E-004
   48.158790170132328        4.8012475254055246E-004
   50.347826086956523        5.0620048882293205E-004
   52.536862003780719        5.3321596069238824E-004
   54.725897920604915        5.6119223387484686E-004
   56.914933837429110        5.9015161980466627E-004
   59.103969754253306        6.2011752513716097E-004
   61.293005671077509        6.5111427480233361E-004
   63.482041587901705        6.8316692933404865E-004
   65.671077504725901        7.1630111703137615E-004
   67.860113421550096        7.5054289888122248E-004
   70.049149338374292        7.8591867910221156E-004
   72.238185255198488        8.2245516690144377E-004
   74.427221172022684        8.6017938604222312E-004
   76.616257088846879        8.9911871878866061E-004
   78.805293005671075        9.3930096057829443E-004
   80.994328922495271        9.8075435234250665E-004
   83.183364839319466        1.0235075497463319E-003
   85.372400756143662        1.0675894837043037E-003
   87.561436672967858        1.1130290651602290E-003
   89.750472589792068        1.1598546898928814E-003
   91.939508506616264        1.2080935063359147E-003
   94.128544423440459        1.2577704210545424E-003
   96.317580340264655        1.3089068322213781E-003
   98.506616257088851        1.3615191004390820E-003
   100.69565217391305        1.4156167875076118E-003
   102.88468809073724        1.4712007159032991E-003
   105.07372400756144        1.5282609233186809E-003
   107.26275992438563        1.5867746060206362E-003
   109.45179584120983        1.6467041604616628E-003
   111.64083175803403        1.7079954431126277E-003
   113.82986767485822        1.7705763727077807E-003
   116.01890359168242        1.8343559961803621E-003
   118.20793950850661        1.8992241291034338E-003
   120.39697542533081        1.9650516634766723E-003
   122.58601134215502        2.0316916107248344E-003
   124.77504725897921        2.0989809167619258E-003
   126.96408317580341        2.1667430503009085E-003
   129.15311909262761        2.2347913269652434E-003
   131.34215500945180        2.3029328921475643E-003
   133.53119092627600        2.3709732470635837E-003
   135.72022684310019        2.4387211671911702E-003
   137.90926275992439        2.5059938322983745E-003
   140.09829867674858        2.5726219643731653E-003
   142.28733459357278        2.6384547554864617E-003
   144.47637051039698        2.7033643630658393E-003
   146.66540642722117        2.7672497558849786E-003
   148.85444234404537        2.8300397104324064E-003
   151.04347826086956        2.8916947838403288E-003
   153.23251417769376        2.9522081253418714E-003
   155.42155009451795        3.0116050319209079E-003
   157.61058601134215        3.0699412036320718E-003
   159.79962192816635        3.1272997078758760E-003
   161.98865784499054        3.1837867173381677E-003
   164.17769376181474        3.2395261408368274E-003
   166.36672967863893        3.2946533174325137E-003
   168.55576559546313        3.3493079894266714E-003
   170.74480151228732        3.4036268070794609E-003
   172.93383742911152        3.4577356451490206E-003
   175.12287334593572        3.5117420272194198E-003
   177.31190926275994        3.5657279572834147E-003
   179.50094517958414        3.6197434487674649E-003
   181.68998109640833        3.6738010193016497E-003
   183.87901701323253        3.7278713858038518E-003
   186.06805293005672        3.7818805501859784E-003
   188.25708884688092        3.8357084130247556E-003
   190.44612476370511        3.8891889931325302E-003
   192.63516068052931        3.9421122677007012E-003
   194.82419659735351        3.9942275833730039E-003
   197.01323251417770        4.0452485261186985E-003
   199.20226843100190        4.0948590799385585E-003
   201.39130434782609        4.1427208538755119E-003
   203.58034026465029        4.1884811158115435E-003
   205.76937618147448        4.2317813419586589E-003
   207.95841209829868        4.2722659740977911E-003
   210.14744801512288        4.3095910731706160E-003
   212.33648393194707        4.3434325678159405E-003
   214.52551984877127        4.3734938192392806E-003
   216.71455576559546        4.3995122581534443E-003
   218.90359168241966        4.4212648936165734E-003
   221.09262759924385        4.4385725451408682E-003
   223.28166351606805        4.4513027058332268E-003
   225.47069943289225        4.4593710027467509E-003
   227.65973534971644        4.4627412782143536E-003
   229.84877126654064        4.4614243699666921E-003
   232.03780718336483        4.4554757158286858E-003
   234.22684310018903        4.4449919486590226E-003
   236.41587901701322        4.4301066773566747E-003
   238.60491493383742        4.4109856691889882E-003
   240.79395085066162        4.3878216569824087E-003
   242.98298676748581        4.3608289920519412E-003
   245.17202268431004        4.3302383508898208E-003
   247.36105860113423        4.2962916818483875E-003
   249.55009451795843        4.2592375490072823E-003
   251.73913043478262        4.2193269960681496E-003
   253.92816635160682        4.1768100155987189E-003
   256.11720226843101        4.1319326704153331E-003
   258.30623818525521        4.0849348764268774E-003
   260.49527410207941        4.0360488217468576E-003
   262.68431001890360        3.9854979669085551E-003
   264.87334593572780        3.9334965468308851E-003
   267.06238185255199        3.8802494776174279E-003
   269.25141776937619        3.8259525607488927E-003
   271.44045368620039        3.7707928737603304E-003
   273.62948960302458        3.7149492397032277E-003
   275.81852551984878        3.6585926768755396E-003
   278.00756143667297        3.6018867444782207E-003
   280.19659735349717        3.5449877178511230E-003
   282.38563327032136        3.4880445474566278E-003
   284.57466918714556        3.4311985774793043E-003
   286.76370510396976        3.3745830214915035E-003
   288.95274102079395        3.3183222128994956E-003
   291.14177693761815        3.2625306657921992E-003
   293.33081285444234        3.2073119965347289E-003
   295.51984877126654        3.1527577673842095E-003
   297.70888468809073        3.0989463202146742E-003
   299.89792060491493        3.0459416710300643E-003
   302.08695652173913        2.9937925344689568E-003
   304.27599243856332        2.9425315423212031E-003
   306.46502835538752        2.8921747117200808E-003
   308.65406427221171        2.8427212078062231E-003
   310.84310018903591        2.7941534330244316E-003
   313.03213610586010        2.7464374615822429E-003
   315.22117202268430        2.6995238237227208E-003
   317.41020793950850        2.6533486310351155E-003
   319.59924385633269        2.6078350216429537E-003
   321.78827977315689        2.5628948932488634E-003
   323.97731568998108        2.5184308830260623E-003
   326.16635160680528        2.4743385464401314E-003
   328.35538752362947        2.4305086823460222E-003
   330.54442344045367        2.3868297491041342E-003
   332.73345935727787        2.3431903158706480E-003
   334.92249527410206        2.2994814944443591E-003
   337.11153119092626        2.2555992998462928E-003
   339.30056710775045        2.2114468918937504E-003
   341.48960302457465        2.1669366551187660E-003
   343.67863894139884        2.1219920801886622E-003
   345.86767485822304        2.0765494162435410E-003
   348.05671077504724        2.0305590700242424E-003
   350.24574669187143        1.9839867341025501E-003
   352.43478260869568        1.9368142327518402E-003
   354.62381852551988        1.8890400798513426E-003
   356.81285444234408        1.8406797485762641E-003
   359.00189035916827        1.7917656574027803E-003
   361.19092627599247        1.7423468811036597E-003
   363.37996219281666        1.6924885989216278E-003
   365.56899810964086        1.6422712950172728E-003
   367.75803402646505        1.5917897286677354E-003
   369.94706994328925        1.5411516936420621E-003
   372.13610586011345        1.4904765878185216E-003
   374.32514177693764        1.4398938155624162E-003
   376.51417769376184        1.3895410467623620E-003
   378.70321361058603        1.3395623578121355E-003
   380.89224952741023        1.2901062812640358E-003
   383.08128544423442        1.2413237923527729E-003
   385.27032136105862        1.1933662620208364E-003
   387.45935727788282        1.1463834073339363E-003
   389.64839319470701        1.1005212710783537E-003
   391.83742911153121        1.0559202626730046E-003
   394.02646502835540        1.0127132920969163E-003
   396.21550094517960        9.7102402714357083E-004
   398.40453686200379        9.3096530183926253E-004
   400.59357277882799        8.9263770025846650E-004
   402.78260869565219        8.5612833529293475E-004
   404.97164461247638        8.2150983635280504E-004
   407.16068052930058        7.8883955377692942E-004
   409.34971644612477        7.5815898127883812E-004
   411.53875236294897        7.2949339149231567E-004
   413.72778827977316        7.0285167407087474E-004
   415.91682419659736        6.7822636128354093E-004
   418.10586011342156        6.5559382301369940E-004
   420.29489603024575        6.3491461177523213E-004
   422.48393194706995        6.1613393892994014E-004
   424.67296786389414        5.9918226566987398E-004
   426.86200378071834        5.8397599628572637E-004
   429.05103969754254        5.7041826637648646E-004
   431.24007561436673        5.5839982442255746E-004
   433.42911153119093        5.4780001090252409E-004
   435.61814744801512        5.3848784419758329E-004
   437.80718336483932        5.3032322623214508E-004
   439.99621928166351        5.2315828256314565E-004
   442.18525519848771        5.1683885101677890E-004
   444.37429111531191        5.1120612973485052E-004
   446.56332703213610        5.0609848961513681E-004
   448.75236294896030        5.0135344783267552E-004
   450.94139886578449        4.9680978886745917E-004
   453.13043478260869        4.9230980790039049E-004
   455.31947069943288        4.8770163939533306E-004
   457.50850661625708        4.8284162208067578E-004
   459.69754253308128        4.7759664132544148E-004
   461.88657844990547        4.7184638196964401E-004
   464.07561436672967        4.6548541979040168E-004
   466.26465028355386        4.5842507855019265E-004
   468.45368620037806        4.5059498232845004E-004
   470.64272211720225        4.4194423965728956E-004
   472.83175803402645        4.3244220665767091E-004
   475.02079395085065        4.2207879042119480E-004
   477.20982986767484        4.1086427058022163E-004
   479.39886578449904        3.9882863543773064E-004
   481.58790170132323        3.8602044814276600E-004
   483.77693761814743        3.7250527709737285E-004
   485.96597353497162        3.5836374198908074E-004
   488.15500945179582        3.4368924157906919E-004
   490.34404536862007        3.2858544082373532E-004
   492.53308128544427        3.1316360246749656E-004
   494.72211720226846        2.9753985157233417E-004
   496.91115311909266        2.8183246047171814E-004
   499.10018903591686        2.6615923654944222E-004
   501.28922495274105        2.5063508649210311E-004
   503.47826086956525        2.3536981890195469E-004
   505.66729678638944        2.2046623319735520E-004
   507.85633270321364        2.0601852748119008E-004
   510.04536862003783        1.9211104246588101E-004
   512.23440453686203        1.7881734351703541E-004
   514.42344045368623        1.6619962923507064E-004
   516.61247637051042        1.5430844341238317E-004
   518.80151228733462        1.4318265818106154E-004
   520.99054820415881        1.3284968999907422E-004
   523.17958412098301        1.2332590689823547E-004
   525.36862003780720        1.1461718502011768E-004
   527.55765595463140        1.0671957460095450E-004
   529.74669187145560        9.9620039790092389E-005
   531.93572778827979        9.3297242448610164E-005
   534.12476370510399        8.7722346764646401E-005
   536.31379962192818        8.2859828516067385E-005
   538.50283553875238        7.8668279518254462E-005
   540.69187145557657        7.5101203696893999E-005
   542.88090737240077        7.2107805910424108E-005
   545.06994328922497        6.9633777830959746E-005
   547.25897920604916        6.7622086734430020E-005
   549.44801512287336        6.6013772951950241E-005
   551.63705103969755        6.4748760131260396E-005
   553.82608695652175        6.3766679602036063E-005
   556.01512287334594        6.3007706375667582E-005
   558.20415879017014        6.2413400042584332E-005
   560.39319470699434        6.1927539488849717E-005
   562.58223062381853        6.1496936361723559E-005
   564.77126654064273        6.1072208955200664E-005
   566.96030245746692        6.0608495978547742E-005
   569.14933837429112        6.0066088742830410E-005
   571.33837429111531        5.9410960779359800E-005
   573.52741020793951        5.8615175808573009E-005
   575.71644612476371        5.7657158220450759E-005
   577.90548204158790        5.6521814623850340E-005
   580.09451795841210        5.5200500307343426E-005
   582.28355387523629        5.3690830304500220E-005
   584.47258979206049        5.1996340813965796E-005
   586.66162570888469        5.0126012622929734E-005
   588.85066162570888        4.8093673573000953E-005
   591.03969754253308        4.5917301682139286E-005
   593.22873345935727        4.3618254047282954E-005
   595.41776937618147        4.1220448925953732E-005
   597.60680529300566        3.8749529340129419E-005
   599.79584120982986        3.6232036155195132E-005
   601.98487712665406        3.3694616934471967E-005
   604.17391304347825        3.1163294100567535E-005
   606.36294896030245        2.8662812251160589E-005
   608.55198487712664        2.6216080122443573E-005
   610.74102079395084        2.3843717934745933E-005
   612.93005671077503        2.1563715962682587E-005
   615.11909262759923        1.9391205404466156E-005
   617.30812854442343        1.7338338211864533E-005
   619.49716446124762        1.5414268674060446E-005
   621.68620037807182        1.3625226367977213E-005
   623.87523629489601        1.1974667685138815E-005
   626.06427221172021        1.0463491559274003E-005
   628.25330812854440        9.0903042390430867E-006
   630.44234404536860        7.8517179228587230E-006
   632.63137996219280        6.7426687093655173E-006
   634.82041587901699        5.7567405039746956E-006
   637.00945179584119        4.8864831297721635E-006
   639.19848771266538        4.1237147852780578E-006
   641.38752362948958        3.4598010401349602E-006
   643.57655954631377        2.8859046414570750E-006
   645.76559546313797        2.3932024129589701E-006
   647.95463137996217        1.9730673806200222E-006
   650.14366729678636        1.6172158888394185E-006
   652.33270321361056        1.3178208381517257E-006
   654.52173913043475        1.0675932588187063E-006
   656.71077504725895        8.5983523175578115E-007
   658.89981096408314        6.8846769252448933E-007
   661.08884688090734        5.4803693070998229E-007
   663.27788279773154        4.3370365940696138E-007
   665.46691871455573        3.4121841609614147E-007
   667.65595463137993        2.6688680695494710E-007
   669.84499054820412        2.0752776074558858E-007
   672.03402646502832        1.6042755203574752E-007
   674.22306238185251        1.2329191839918231E-007
   676.41209829867671        9.4198158901551731E-008
   678.60113421550091        7.1548682441960761E-008
   680.79017013232510        5.4027089652566646E-008
   682.97920604914930        4.0557531125612105E-008
   685.16824196597349        3.0267793237287658E-008
   687.35727788279769        2.2456322454183046E-008
   689.54631379962188        1.6563208420300644E-008
   691.73534971644608        1.2145001805660570E-008
   693.92438563327028        8.8531398599073066E-009
   696.11342155009447        6.4156850416618555E-009
   698.30245746691867        4.6220438803367256E-009
   700.49149338374286        3.3103183857179985E-009
   702.68052930056717        2.3569452836142783E-009
   704.86956521739137        1.6682941665894026E-009
   707.05860113421556        1.1739200671273201E-009
   709.24763705103976        8.2119549673379218E-010
   711.43667296786396        5.7107888883910906E-010
   713.62570888468815        3.9480854883426342E-010
   715.81474480151235        2.7134215573029822E-010
   718.00378071833654        1.8539058083898323E-010
   720.19281663516074        1.2592069868812069E-010
   722.38185255198493        8.5024688415027868E-011
   724.57088846880913        5.7073018445140371E-011
   726.75992438563333        3.8084995779508185E-011
   728.94896030245752        2.5264672469227134E-011
   731.13799621928172        1.6661325246897066E-011
   733.32703213610591        1.0922975144240435E-011
   735.51606805293011        7.1188085046761740E-012
   737.70510396975430        4.6121993737873125E-012
   739.89413988657850        2.9705897010667011E-012
   742.08317580340270        1.9020001720610405E-012
   744.27221172022689        1.2106292604413539E-012
   746.46124763705109        7.6602681390211021E-013
   748.65028355387528        4.8184619230110292E-013
   750.83931947069948        3.0130338734147049E-013
   753.02835538752367        1.8729673014894932E-013
   755.21739130434787        1.1574079384742896E-013
   757.40642722117207        7.1100439596316667E-014
   759.59546313799626        4.3419735823377568E-014
   761.78449905482046        2.6359103169215730E-014
   763.97353497164465        1.5907508069412482E-014
   766.16257088846885        9.5433589045614611E-015
   768.35160680529304        5.6915094871850313E-015
   770.54064272211724        3.3742736461865900E-015
   772.72967863894144        1.9886543186246235E-015
   774.91871455576563        1.1651021312675016E-015
   777.10775047258983        6.7856888747764497E-016
   779.29678638941402        3.9286984023020080E-016
   781.48582230623822        2.2611417922404065E-016
   783.67485822306242        1.2936918129867910E-016
   785.86389413988661        7.3579589587423705E-017
   788.05293005671081        4.1601306534632668E-017
   790.24196597353500        2.3381870098291264E-017
   792.43100189035920        1.3063927835999864E-017
   794.62003780718339        7.2558810986859185E-018
   796.80907372400759        4.0061573479193305E-018
   798.99810964083179        2.1988060398253785E-018
   801.18714555765598        1.1996830724428057E-018
   803.37618147448018        6.5067850028326080E-019
   805.56521739130437        3.5082160458223567E-019
   807.75425330812857        1.8802941260933473E-019
   809.94328922495276        1.0018079577806660E-019
   812.13232514177696        5.3059364509277100E-020
   814.32136105860116        2.7935609202432310E-020
   816.51039697542535        1.4620844123786174E-020
   818.69943289224955        7.6068458203370295E-021
   820.88846880907374        3.9341808632523264E-021
   823.07750472589794        2.0226523836699471E-021
   825.26654064272213        1.0337251615046977E-021
   827.45557655954633        5.2517678957875011E-022
   829.64461247637053        2.6522976369230163E-022
   831.83364839319472        1.3315423812783666E-022
   834.02268431001892        6.6451293678386296E-023
   836.21172022684311        3.2966080266789860E-023
   838.40075614366731        1.6257221717709075E-023
   840.58979206049150        7.9696677598741024E-024
   842.77882797731570        3.8837271145855779E-024
   844.96786389413990        1.8813583952908779E-024
   847.15689981096409        9.0595879212983616E-025
   849.34593572778829        4.3366979902591265E-025
   851.53497164461248        2.0635903638745565E-025
   853.72400756143668        9.7611534047350749E-026
   855.91304347826087        4.5897801234212493E-026
   858.10207939508507        2.1453368156971952E-026
   860.29111531190927        9.9680847908171460E-027
   862.48015122873346        4.6040535908257775E-027
   864.66918714555766        2.1138842635050483E-027
   866.85822306238185        9.6479271400196708E-028
   869.04725897920605        4.3772221417610990E-028
   871.23629489603024        1.9741253087046032E-028
   873.42533081285444        8.8503857405844806E-029
   875.61436672967864        3.9442173543116136E-029
   877.80340264650283        1.7473119313839792E-029
   879.99243856332703        7.6946845193072342E-030
   882.18147448015122        3.3683854460403682E-030
   884.37051039697542        1.4657609652438645E-030
   886.55954631379961        6.3403721471023329E-031
   888.74858223062381        2.7263173114072462E-031
   890.93761814744801        1.1653273430349684E-031
   893.12665406427220        4.9514134209760815E-032
   895.31568998109640        2.0913176191436387E-032
   897.50472589792059        8.7805192195973110E-033
   899.69376181474479        3.6646258263877146E-033
   901.88279773156899        1.5203660529502756E-033
   904.07183364839318        6.2701167389985329E-034
   906.26086956521738        2.5704660965390474E-034
   908.44990548204157        1.0475066317647818E-034
   910.63894139886577        4.2433630500066294E-035
   912.82797731568996        1.7087242030886701E-035
   915.01701323251416        6.8397777412366856E-036
   917.20604914933836        2.7215737993127038E-036
   919.39508506616255        1.0764806325010720E-036
   921.58412098298675        4.2325313205892316E-037
   923.77315689981094        1.6542527795194480E-037
   925.96219281663514        6.4270426020721382E-038
   928.15122873345933        2.4821497586365260E-038
   930.34026465028353        9.5291061604690511E-039
   932.52930056710773        3.6365002411624832E-039
   934.71833648393192        1.3795016936757024E-039
   936.90737240075612        5.2019708076109573E-040
   939.09640831758031        1.9499367958656932E-040
   941.28544423440451        7.2657425961161582E-041
   943.47448015122870        2.6912015946725716E-041
   945.66351606805290        9.9087553966862936E-042
   947.85255198487710        3.6265906862932912E-042
   950.04158790170129        1.3194241869584108E-042
   952.23062381852549        4.7717393691203342E-043
   954.41965973534968        1.7154389783331121E-043
   956.60869565217388        6.1302760626852552E-044
   958.79773156899807        2.1776641694229243E-044
   960.98676748582227        7.6896719092271088E-045
   963.17580340264647        2.6991726615886667E-045
   965.36483931947066        9.4180153720242158E-046
   967.55387523629486        3.2665846624264089E-046
   969.74291115311905        1.1262483355543520E-046
   971.93194706994325        3.8599355398847648E-047
   974.12098298676744        1.3150174522297676E-047
   976.31001890359164        4.4533669880023192E-048
   978.49905482041584        1.4991700248416304E-048
   980.68809073724015        5.0167061545112383E-049
   982.87712665406434        1.6687517751283180E-049
   985.06616257088854        5.5178521227827776E-050
   987.25519848771273        1.8136502961269386E-050
   989.44423440453693        5.9257341186929560E-051
   991.63327032136112        1.9245793787745208E-051
   993.82230623818532        6.2134741195113160E-052
   996.01134215500952        1.9940594464009188E-052
   998.20037807183371        6.3613105137673540E-053
   1000.3894139886579        2.0172509173300928E-053
   1002.5784499054821        6.3588419042488841E-054
   1004.7674858223063        1.9925116133331424E-054
   1006.9565217391305        6.2062372365728643E-055
   1009.1455576559547        1.9215890369716068E-055
   1011.3345935727789        5.9142166859383841E-056
   1013.5236294896031        1.8094162464220862E-056
   1015.7126654064273        5.5028063047093474E-057
   1017.9017013232515        1.6635444499261644E-057
   1020.0907372400757        4.9990674019484019E-058
   1022.2797731568999        1.4933029788626738E-058
   1024.4688090737241        4.4341582176100727E-059
   1026.6578449905483        1.3088163553907534E-059
   1028.8468809073725        3.8401702255077735E-060
   1031.0359168241966        1.1200216930289783E-060
   1033.2249527410208        3.2471813993230358E-061
   1035.4139886578450        9.3581669288456643E-062
   1037.6030245746692        2.6808907108169464E-062
   1039.7920604914934        7.6343397210175098E-063
   1041.9810964083176        2.1610651953829625E-063
   1044.1701323251418        6.0809052708999596E-064
   1046.3591682419660        1.7008756198247944E-064
   1048.5482041587902        4.7291249763270306E-065
   1050.7372400756144        1.3070521394704532E-065
   1052.9262759924386        3.5909461197877047E-066
   1055.1153119092628        9.8068309953333413E-067
   1057.3043478260870        2.6622711742430033E-067
   1059.4933837429112        7.1842205610513645E-068
   1061.6824196597354        1.9271289025006387E-068
   1063.8714555765596        5.1386091559118128E-069
   1066.0604914933838        1.3620219141834225E-069
   1068.2495274102080        3.5886100214176476E-070
   1070.4385633270322        9.3987927339765872E-071
   1072.6275992438564        2.4469296944070996E-071
   1074.8166351606806        6.3324897893261291E-072
   1077.0056710775048        1.6290374550259003E-072
   1079.1947069943290        4.1657306267594345E-073
   1081.3837429111531        1.0588996783738343E-073
   1083.5727788279773        2.6756046834165695E-074
   1085.7618147448015        6.7203602646815586E-075
   1087.9508506616257        1.6779021062547474E-075
   1090.1398865784499        4.1643202326662536E-076
   1092.3289224952741        1.0273656357451265E-076
   1094.5179584120983        2.5194709073190895E-077
   1096.7069943289225        6.1418193584788014E-078
   1098.8960302457467        1.4882918032248711E-078
   1101.0850661625709        3.5849448816749734E-079
   1103.2741020793951        8.5838120587514713E-080
   1105.4631379962193        2.0430604899299154E-080
   1107.6521739130435        4.8337650918905652E-081
   1109.8412098298677        1.1368237327819017E-081
   1112.0302457466919        2.6576879103647536E-082
   1114.2192816635161        6.1761533899388262E-083
   1116.4083175803403        1.4267089791249546E-083
   1118.5973534971645        3.2760907921510620E-084
   1120.7863894139887        7.4779001679757976E-085
   1122.9754253308129        1.6967059464514756E-085
   1125.1644612476371        3.8268079935546390E-086
   1127.3534971644613        8.5796569078836399E-087
   1129.5425330812855        1.9120811279114868E-087
   1131.7315689981097        4.2359013902189323E-088
   1133.9206049149338        9.3279989330521506E-089
   1136.1096408317580        2.0418989322039660E-089
   1138.2986767485822        4.4430693541865024E-090
   1140.4877126654064        9.6102575656605379E-091
   1142.6767485822306        2.0662841089830990E-091
   1144.8657844990548        4.4161936238449121E-092
   1147.0548204158790        9.3822981251932106E-093
   1149.2438563327032        1.9814056275206525E-093
   1151.4328922495274        4.1594948082564358E-094
   1153.6219281663516        8.6798216594738913E-095
   1155.8109640831758        1.8004622861754464E-095
   1158.0000000000000        3.7124469576203502E-096

