   0.0000000000000000        1.2621506135089601E-004
  0.88461538461538458        1.3062015475463277E-004
   1.7692307692307692        1.3510305223138116E-004
   2.6538461538461537        1.3966265350785117E-004
   3.5384615384615383        1.4429777327118864E-004
   4.4230769230769234        1.4900713798301493E-004
   5.3076923076923075        1.5378938279539029E-004
   6.1923076923076916        1.5864304867721567E-004
   7.0769230769230766        1.6356657986645596E-004
   7.9615384615384617        1.6855832176875408E-004
   8.8461538461538467        1.7361651942648731E-004
   9.7307692307692299        1.7873931668373669E-004
   10.615384615384615        1.8392475617210133E-004
   11.500000000000000        1.8917078023950103E-004
   12.384615384615383        1.9447523293914231E-004
   13.269230769230768        1.9983586318855109E-004
   14.153846153846153        2.0525032919913819E-004
   15.038461538461538        2.1071620426505011E-004
   15.923076923076923        2.1623098398629106E-004
   16.807692307692307        2.2179209498536984E-004
   17.692307692307693        2.2739690515915384E-004
   18.576923076923077        2.3304273548845669E-004
   19.461538461538460        2.3872687340736971E-004
   20.346153846153847        2.4444658771272240E-004
   21.230769230769230        2.5019914497162275E-004
   22.115384615384613        2.5598182736212365E-004
   23.000000000000000        2.6179195185900599E-004
   23.884615384615383        2.6762689065377277E-004
   24.769230769230766        2.7348409267566310E-004
   25.653846153846153        2.7936110605908789E-004
   26.538461538461537        2.8525560138271510E-004
   27.423076923076923        2.9116539548693939E-004
   28.307692307692307        2.9708847565980336E-004
   29.192307692307690        3.0302302396710654E-004
   30.076923076923077        3.0896744149053163E-004
   30.961538461538460        3.1492037222849271E-004
   31.846153846153847        3.2088072640823614E-004
   32.730769230769226        3.2684770295468232E-004
   33.615384615384613        3.3282081086165479E-004
   34.500000000000000        3.3879988921464455E-004
   35.384615384615387        3.4478512562108804E-004
   36.269230769230766        3.5077707281424512E-004
   37.153846153846153        3.5677666321019168E-004
   38.038461538461540        3.6278522121383920E-004
   38.923076923076920        3.6880447308938009E-004
   39.807692307692307        3.7483655423268533E-004
   40.692307692307693        3.8088401370775336E-004
   41.576923076923073        3.8694981593617256E-004
   42.461538461538460        3.9303733945708055E-004
   43.346153846153847        3.9915037270529759E-004
   44.230769230769226        4.0529310678650426E-004
   45.115384615384613        4.1147012526021506E-004
   46.000000000000000        4.1768639097358398E-004
   46.884615384615380        4.2394723002113271E-004
   47.769230769230766        4.3025831293711707E-004
   48.653846153846153        4.3662563325787219E-004
   49.538461538461533        4.4305548362081509E-004
   50.423076923076920        4.4955442959442640E-004
   51.307692307692307        4.5612928145912667E-004
   52.192307692307693        4.6278706418219806E-004
   53.076923076923073        4.6953498585050650E-004
   53.961538461538460        4.7638040484244070E-004
   54.846153846153847        4.8333079603512440E-004
   55.730769230769226        4.9039371635424382E-004
   56.615384615384613        4.9757676998176043E-004
   57.500000000000000        5.0488757354125494E-004
   58.384615384615380        5.1233372158153738E-004
   59.269230769230766        5.1992275267670419E-004
   60.153846153846153        5.2766211645461671E-004
   61.038461538461533        5.3555914185663680E-004
   61.923076923076920        5.4362100691866279E-004
   62.807692307692307        5.5185471034797180E-004
   63.692307692307693        5.6026704515177450E-004
   64.576923076923080        5.6886457455216592E-004
   65.461538461538453        5.7765361039879511E-004
   66.346153846153840        5.8664019426461409E-004
   67.230769230769226        5.9583008138273518E-004
   68.115384615384613        6.0522872755330121E-004
   69.000000000000000        6.1484127911898907E-004
   69.884615384615387        6.2467256607654940E-004
   70.769230769230774        6.3472709835992922E-004
   71.653846153846146        6.4500906529851843E-004
   72.538461538461533        6.5552233822171264E-004
   73.423076923076920        6.6627047614942789E-004
   74.307692307692307        6.7725673447663738E-004
   75.192307692307693        6.8848407652980328E-004
   76.076923076923080        6.9995518784359261E-004
   76.961538461538453        7.1167249297829219E-004
   77.846153846153840        7.2363817467185085E-004
   78.730769230769226        7.3585419509578022E-004
   79.615384615384613        7.4832231896122532E-004
   80.500000000000000        7.6104413820104295E-004
   81.384615384615387        7.7402109793498343E-004
   82.269230769230759        7.8725452340930161E-004
   83.153846153846146        8.0074564758831495E-004
   84.038461538461533        8.1449563906466841E-004
   84.923076923076920        8.2850562994673453E-004
   85.807692307692307        8.4277674337616916E-004
   86.692307692307693        8.5731012032605903E-004
   87.576923076923080        8.7210694533034210E-004
   88.461538461538453        8.8716847079862776E-004
   89.346153846153840        9.0249603957662738E-004
   90.230769230769226        9.1809110542180909E-004
   91.115384615384613        9.3395525107617069E-004
   92.000000000000000        9.5009020363333253E-004
   92.884615384615387        9.6649784691547078E-004
   93.769230769230759        9.8318023059687965E-004
   94.653846153846146        1.0001395758351636E-003
   95.538461538461533        1.0173782771980562E-003
   96.423076923076920        1.0348989007036332E-003
   97.307692307692307        1.0527041778238314E-003
   98.192307692307693        1.0707969953365150E-003
   99.076923076923066        1.0891803809477631E-003
   99.961538461538453        1.1078574846457607E-003
   100.84615384615384        1.1268315557883960E-003
   101.73076923076923        1.1461059159693749E-003
   102.61538461538461        1.1656839277514356E-003
   103.50000000000000        1.1855689593999973E-003
   104.38461538461539        1.2057643457958720E-003
   105.26923076923076        1.2262733457510304E-003
   106.15384615384615        1.2470990959965809E-003
   107.03846153846153        1.2682445621565153E-003
   107.92307692307692        1.2897124870634930E-003
   108.80769230769231        1.3115053368148698E-003
   109.69230769230769        1.3336252450055197E-003
   110.57692307692307        1.3560739556107487E-003
   111.46153846153845        1.3788527650250969E-003
   112.34615384615384        1.4019624637919940E-003
   113.23076923076923        1.4254032785838689E-003
   114.11538461538461        1.4491748150121078E-003
   115.00000000000000        1.4732760018604616E-003
   115.88461538461539        1.4977050373447935E-003
   116.76923076923076        1.5224593380042360E-003
   117.65384615384615        1.5475354908256046E-003
   118.53846153846153        1.5729292091922525E-003
   119.42307692307692        1.5986352932320486E-003
   120.30769230769231        1.6246475951148304E-003
   121.19230769230769        1.6509589898195238E-003
   122.07692307692307        1.6775613518534710E-003
   122.96153846153845        1.7044455383628890E-003
   123.84615384615384        1.7316013790231381E-003
   124.73076923076923        1.7590176730418916E-003
   125.61538461538461        1.7866821935469070E-003
   126.50000000000000        1.8145816995642390E-003
   127.38461538461539        1.8427019557227772E-003
   128.26923076923077        1.8710277597475142E-003
   129.15384615384616        1.8995429777282726E-003
   130.03846153846155        1.9282305870729573E-003
   130.92307692307691        1.9570727269761453E-003
   131.80769230769229        1.9860507561561044E-003
   132.69230769230768        2.0151453175362654E-003
   133.57692307692307        2.0443364094729984E-003
   134.46153846153845        2.0736034630599565E-003
   135.34615384615384        2.1029254249725305E-003
   136.23076923076923        2.1322808452537661E-003
   137.11538461538461        2.1616479693870564E-003
   138.00000000000000        2.1910048339522652E-003
   138.88461538461539        2.2203293651195861E-003
   139.76923076923077        2.2495994792025354E-003
   140.65384615384616        2.2787931844664559E-003
   141.53846153846155        2.3078886833730545E-003
   142.42307692307691        2.3368644744349936E-003
   143.30769230769229        2.3656994528580477E-003
   144.19230769230768        2.3943730091600100E-003
   145.07692307692307        2.4228651249778629E-003
   145.96153846153845        2.4511564653056247E-003
   146.84615384615384        2.4792284664441706E-003
   147.73076923076923        2.5070634189921868E-003
   148.61538461538461        2.5346445452623552E-003
   149.50000000000000        2.5619560705682719E-003
   150.38461538461539        2.5889832878946998E-003
   151.26923076923077        2.6157126155362657E-003
   152.15384615384616        2.6421316473647307E-003
   153.03846153846152        2.6682291954645862E-003
   153.92307692307691        2.6939953249554131E-003
   154.80769230769229        2.7194213809008734E-003
   155.69230769230768        2.7445000072832465E-003
   156.57692307692307        2.7692251581006946E-003
   157.46153846153845        2.7935921007190912E-003
   158.34615384615384        2.8175974116814847E-003
   159.23076923076923        2.8412389652440772E-003
   160.11538461538461        2.8645159149686943E-003
   161.00000000000000        2.8874286687552804E-003
   161.88461538461539        2.9099788577450544E-003
   162.76923076923077        2.9321692995646241E-003
   163.65384615384616        2.9540039564127868E-003
   164.53846153846152        2.9754878885153682E-003
   165.42307692307691        2.9966272034882206E-003
   166.30769230769229        3.0174290021565396E-003
   167.19230769230768        3.0379013213767793E-003
   168.07692307692307        3.0580530743997266E-003
   168.96153846153845        3.0778939892975136E-003
   169.84615384615384        3.0974345459550252E-003
   170.73076923076923        3.1166859120979754E-003
   171.61538461538461        3.1356598787968038E-003
   172.50000000000000        3.1543687958478935E-003
   173.38461538461539        3.1728255073917313E-003
   174.26923076923077        3.1910432880850642E-003
   175.15384615384616        3.2090357800971664E-003
   176.03846153846152        3.2268169311558043E-003
   176.92307692307691        3.2444009338210302E-003
   177.80769230769229        3.2618021661211050E-003
   178.69230769230768        3.2790351336411776E-003
   179.57692307692307        3.2961144131155233E-003
   180.46153846153845        3.3130545975365508E-003
   181.34615384615384        3.3298702427614268E-003
   182.23076923076923        3.3465758155676751E-003
   183.11538461538461        3.3631856430860981E-003
   184.00000000000000        3.3797138635199998E-003
   184.88461538461539        3.3961743780464176E-003
   185.76923076923077        3.4125808037869083E-003
   186.65384615384616        3.4289464277322003E-003
   187.53846153846152        3.4452841615073638E-003
   188.42307692307691        3.4616064968707003E-003
   189.30769230769229        3.4779254618508299E-003
   190.19230769230768        3.4942525774418888E-003
   191.07692307692307        3.5105988147947900E-003
   191.96153846153845        3.5269745528646408E-003
   192.84615384615384        3.5433895364975700E-003
   193.73076923076923        3.5598528349658014E-003
   194.61538461538461        3.5763728009858839E-003
   195.50000000000000        3.5929570302817484E-003
   196.38461538461539        3.6096123217799416E-003
   197.26923076923077        3.6263446385501885E-003
   198.15384615384613        3.6431590696272111E-003
   199.03846153846152        3.6600597928723834E-003
   199.92307692307691        3.6770500390516723E-003
   200.80769230769229        3.6941320573235358E-003
   201.69230769230768        3.7113070823424884E-003
   202.57692307692307        3.7285753031946057E-003
   203.46153846153845        3.7459358343861818E-003
   204.34615384615384        3.7633866891104303E-003
   205.23076923076923        3.7809247550147857E-003
   206.11538461538461        3.7985457726880546E-003
   207.00000000000000        3.8162443170780334E-003
   207.88461538461539        3.8340137820401039E-003
   208.76923076923077        3.8518463682035964E-003
   209.65384615384613        3.8697330743274324E-003
   210.53846153846152        3.8876636922987205E-003
   211.42307692307691        3.9056268059094838E-003
   212.30769230769229        3.9236097935260467E-003
   213.19230769230768        3.9415988347461144E-003
   214.07692307692307        3.9595789211167480E-003
   214.96153846153845        3.9775338709673131E-003
   215.84615384615384        3.9954463483908827E-003
   216.73076923076923        4.0132978863891330E-003
   217.61538461538461        4.0310689141791114E-003
   218.50000000000000        4.0487387886431738E-003
   219.38461538461539        4.0662858298900241E-003
   220.26923076923077        4.0836873608826449E-003
   221.15384615384613        4.1009197510774292E-003
   222.03846153846152        4.1179584640105536E-003
   222.92307692307691        4.1347781087607248E-003
   223.80769230769229        4.1513524952111356E-003
   224.69230769230768        4.1676546930295762E-003
   225.57692307692307        4.1836570942815387E-003
   226.46153846153845        4.1993314795894009E-003
   227.34615384615384        4.2146490877468402E-003
   228.23076923076923        4.2295806886963570E-003
   229.11538461538461        4.2440966597733698E-003
   230.00000000000000        4.2581670651172824E-003
   230.88461538461539        4.2717617381443180E-003
   231.76923076923077        4.2848503669692291E-003
   232.65384615384613        4.2974025826551148E-003
   233.53846153846152        4.3093880501586775E-003
   234.42307692307691        4.3207765618246737E-003
   235.30769230769229        4.3315381332670079E-003
   236.19230769230768        4.3416431014548255E-003
   237.07692307692307        4.3510622248000971E-003
   237.96153846153845        4.3597667850186431E-003
   238.84615384615384        4.3677286905093983E-003
   239.73076923076923        4.3749205809673498E-003
   240.61538461538461        4.3813159329144646E-003
   241.50000000000000        4.3868891657990695E-003
   242.38461538461539        4.3916157482811269E-003
   243.26923076923077        4.3954723042851406E-003
   244.15384615384613        4.3984367183681613E-003
   245.03846153846152        4.4004882399157836E-003
   245.92307692307691        4.4016075856464845E-003
   246.80769230769229        4.4017770398736625E-003
   247.69230769230768        4.4009805519461499E-003
   248.57692307692307        4.3992038302636365E-003
   249.46153846153845        4.3964344322424912E-003
   250.34615384615384        4.3926618495915707E-003
   251.23076923076923        4.3878775882469547E-003
   252.11538461538461        4.3820752423100974E-003
   253.00000000000000        4.3752505613355499E-003
   253.88461538461539        4.3674015103235620E-003
   254.76923076923077        4.3585283217880879E-003
   255.65384615384613        4.3486335392949483E-003
   256.53846153846155        4.3377220518954519E-003
   257.42307692307691        4.3258011189194340E-003
   258.30769230769232        4.3128803846379212E-003
   259.19230769230768        4.2989718823592937E-003
   260.07692307692309        4.2840900275829359E-003
   260.96153846153845        4.2682515999019691E-003
   261.84615384615381        4.2514757134196890E-003
   262.73076923076923        4.2337837755229068E-003
   263.61538461538458        4.2151994339392623E-003
   264.50000000000000        4.1957485120921525E-003
   265.38461538461536        4.1754589328584493E-003
   266.26923076923077        4.1543606309258395E-003
   267.15384615384613        4.1324854540407139E-003
   268.03846153846155        4.1098670535310803E-003
   268.92307692307691        4.0865407645827084E-003
   269.80769230769232        4.0625434768360256E-003
   270.69230769230768        4.0379134959610680E-003
   271.57692307692309        4.0126903969497979E-003
   272.46153846153845        3.9869148699455560E-003
   273.34615384615381        3.9606285595006419E-003
   274.23076923076923        3.9338738982202682E-003
   275.11538461538458        3.9066939358085341E-003
   276.00000000000000        3.8791321645821495E-003
   276.88461538461536        3.8512323425589166E-003
   277.76923076923077        3.8230383152584911E-003
   278.65384615384613        3.7945938373745965E-003
   279.53846153846155        3.7659423954893466E-003
   280.42307692307691        3.7371270329998509E-003
   281.30769230769232        3.7081901784182070E-003
   282.19230769230768        3.6791734781848550E-003
   283.07692307692309        3.6501176351045367E-003
   283.96153846153845        3.6210622534733920E-003
   284.84615384615381        3.5920456919147780E-003
   285.73076923076923        3.5631049248817412E-003
   286.61538461538458        3.5342754137158081E-003
   287.50000000000000        3.5055909880753631E-003
   288.38461538461536        3.4770837384635635E-003
   289.26923076923077        3.4487839204961042E-003
   290.15384615384613        3.4207198714540040E-003
   291.03846153846155        3.3929179395674352E-003
   291.92307692307691        3.3654024263732696E-003
   292.80769230769232        3.3381955423842833E-003
   293.69230769230768        3.3113173762007622E-003
   294.57692307692304        3.2847858770886952E-003
   295.46153846153845        3.2586168509421516E-003
   296.34615384615381        3.2328239694430563E-003
   297.23076923076923        3.2074187921292564E-003
   298.11538461538458        3.1824108009839694E-003
   299.00000000000000        3.1578074470653742E-003
   299.88461538461536        3.1336142086067840E-003
   300.76923076923077        3.1098346599352424E-003
   301.65384615384613        3.0864705504807777E-003
   302.53846153846155        3.0635218930798775E-003
   303.42307692307691        3.0409870607163185E-003
   304.30769230769232        3.0188628907902018E-003
   305.19230769230768        2.9971447959621822E-003
   306.07692307692304        2.9758268805849656E-003
   306.96153846153845        2.9549020617085338E-003
   307.84615384615381        2.9343621936284464E-003
   308.73076923076923        2.9141981949386913E-003
   309.61538461538458        2.8944001770519058E-003
   310.50000000000000        2.8749575731593989E-003
   311.38461538461536        2.8558592666214125E-003
   312.26923076923077        2.8370937178047420E-003
   313.15384615384613        2.8186490884182925E-003
   314.03846153846155        2.8005133624387332E-003
   314.92307692307691        2.7826744627656649E-003
   315.80769230769232        2.7651203628001903E-003
   316.69230769230768        2.7478391921994089E-003
   317.57692307692304        2.7308193361241110E-003
   318.46153846153845        2.7140495273650627E-003
   319.34615384615381        2.6975189308049694E-003
   320.23076923076923        2.6812172197480406E-003
   321.11538461538458        2.6651346437256548E-003
   322.00000000000000        2.6492620874649449E-003
   322.88461538461536        2.6335911207856304E-003
   323.76923076923077        2.6181140392698508E-003
   324.65384615384613        2.6028238956276751E-003
   325.53846153846155        2.5877145217584126E-003
   326.42307692307691        2.5727805415831583E-003
   327.30769230769232        2.5580173747969865E-003
   328.19230769230768        2.5434212317595201E-003
   329.07692307692304        2.5289890998094113E-003
   329.96153846153845        2.5147187213512808E-003
   330.84615384615381        2.5006085641227777E-003
   331.73076923076923        2.4866577841034169E-003
   332.61538461538458        2.4728661815768987E-003
   333.50000000000000        2.4592341509025845E-003
   334.38461538461536        2.4457626245911199E-003
   335.26923076923077        2.4324530123129304E-003
   336.15384615384613        2.4193071354958857E-003
   337.03846153846155        2.4063271581913305E-003
   337.92307692307691        2.3935155149034672E-003
   338.80769230769232        2.3808748360884782E-003
   339.69230769230768        2.3684078720343565E-003
   340.57692307692304        2.3561174158320064E-003
   341.46153846153845        2.3440062261421020E-003
   342.34615384615381        2.3320769504504638E-003
   343.23076923076923        2.3203320494881948E-003
   344.11538461538458        2.3087737234711771E-003
   345.00000000000000        2.2974038407870298E-003
   345.88461538461536        2.2862238697268856E-003
   346.76923076923077        2.2752348138245430E-003
   347.65384615384613        2.2644371513265227E-003
   348.53846153846155        2.2538307792747615E-003
   349.42307692307691        2.2434149626381476E-003
   350.30769230769232        2.2331882888813972E-003
   351.19230769230768        2.2231486283094968E-003
   352.07692307692304        2.2132931004739719E-003
   352.96153846153845        2.2036180468738465E-003
   353.84615384615381        2.1941190101297577E-003
   354.73076923076923        2.1847907197545670E-003
   355.61538461538458        2.1756270845891372E-003
   356.50000000000000        2.1666211919169004E-003
   357.38461538461536        2.1577653132169722E-003
   358.26923076923077        2.1490509164629793E-003
   359.15384615384613        2.1404686848233716E-003
   360.03846153846155        2.1320085415699628E-003
   360.92307692307691        2.1236596809545085E-003
   361.80769230769232        2.1154106047690975E-003
   362.69230769230768        2.1072491642649114E-003
   363.57692307692304        2.0991626070662179E-003
   364.46153846153845        2.0911376286822550E-003
   365.34615384615381        2.0831604281891969E-003
   366.23076923076923        2.0752167676281181E-003
   367.11538461538458        2.0672920346426183E-003
   368.00000000000000        2.0593713078618753E-003
   368.88461538461536        2.0514394245213447E-003
   369.76923076923077        2.0434810498042590E-003
   370.65384615384613        2.0354807473823094E-003
   371.53846153846155        2.0274230506335182E-003
   372.42307692307691        2.0192925340195124E-003
   373.30769230769232        2.0110738841122560E-003
   374.19230769230768        2.0027519697726789E-003
   375.07692307692304        1.9943119109996363E-003
   375.96153846153845        1.9857391459872026E-003
   376.84615384615381        1.9770194959513924E-003
   377.73076923076923        1.9681392273133771E-003
   378.61538461538458        1.9590851108552882E-003
   379.50000000000000        1.9498444774959066E-003
   380.38461538461536        1.9404052703670153E-003
   381.26923076923077        1.9307560929064213E-003
   382.15384615384613        1.9208862527202340E-003
   383.03846153846155        1.9107858010046718E-003
   383.92307692307691        1.9004455673558831E-003
   384.80769230769232        1.8898571898349574E-003
   385.69230769230768        1.8790131401938365E-003
   386.57692307692304        1.8679067442058930E-003
   387.46153846153845        1.8565321970824896E-003
   388.34615384615381        1.8448845739930796E-003
   389.23076923076923        1.8329598357415364E-003
   390.11538461538458        1.8207548296847685E-003
   391.00000000000000        1.8082672860113389E-003
   391.88461538461536        1.7954958095273495E-003
   392.76923076923077        1.7824398671241815E-003
   393.65384615384613        1.7690997711277232E-003
   394.53846153846155        1.7554766587511287E-003
   395.42307692307691        1.7415724678931791E-003
   396.30769230769226        1.7273899095415822E-003
   397.19230769230768        1.7129324370552836E-003
   398.07692307692304        1.6982042126119398E-003
   398.96153846153845        1.6832100711161322E-003
   399.84615384615381        1.6679554818710136E-003
   400.73076923076923        1.6524465083204128E-003
   401.61538461538458        1.6366897661708841E-003
   402.50000000000000        1.6206923802029392E-003
   403.38461538461536        1.6044619400788324E-003
   404.26923076923077        1.5880064554501718E-003
   405.15384615384613        1.5713343106628932E-003
   406.03846153846155        1.5544542193498155E-003
   406.92307692307691        1.5373751791921129E-003
   407.80769230769226        1.5201064271209528E-003
   408.69230769230768        1.5026573952193370E-003
   409.57692307692304        1.4850376675718581E-003
   410.46153846153845        1.4672569382969893E-003
   411.34615384615381        1.4493249709827214E-003
   412.23076923076923        1.4312515597318073E-003
   413.11538461538458        1.4130464920078529E-003
   414.00000000000000        1.3947195134581148E-003
   414.88461538461536        1.3762802948728951E-003
   415.76923076923077        1.3577384014253836E-003
   416.65384615384613        1.3391032643192803E-003
   417.53846153846155        1.3203841549549178E-003
   418.42307692307691        1.3015901617076686E-003
   419.30769230769226        1.2827301693954236E-003
   420.19230769230768        1.2638128414946084E-003
   421.07692307692304        1.2448466051468744E-003
   421.96153846153845        1.2258396389809724E-003
   422.84615384615381        1.2067998637567059E-003
   423.73076923076923        1.1877349358200085E-003
   424.61538461538458        1.1686522433403755E-003
   425.50000000000000        1.1495589052839042E-003
   426.38461538461536        1.1304617730573732E-003
   427.26923076923077        1.1113674347408887E-003
   428.15384615384613        1.0922822218090334E-003
   429.03846153846155        1.0732122182229723E-003
   429.92307692307691        1.0541632717589479E-003
   430.80769230769226        1.0351410074219594E-003
   431.69230769230768        1.0161508427775148E-003
   432.57692307692304        9.9719800501907188E-004
   433.46153846153845        9.7828754957451089E-004
   434.34615384615381        9.5942438004181644E-004
   435.23076923076923        9.4061326923213146E-004
   436.11538461538458        9.2185888108791173E-004
   437.00000000000000        9.0316579323493514E-004
   437.88461538461536        8.8453851991985167E-004
   438.76923076923077        8.6598153507969652E-004
   439.65384615384613        8.4749929528673087E-004
   440.53846153846155        8.2909626231098281E-004
   441.42307692307691        8.1077692504434823E-004
   442.30769230769226        7.9254582053381534E-004
   443.19230769230768        7.7440755387773129E-004
   444.07692307692304        7.5636681674770860E-004
   444.96153846153845        7.3842840431004569E-004
   445.84615384615381        7.2059723033423174E-004
   446.73076923076923        7.0287834029214493E-004
   447.61538461538458        6.8527692226996793E-004
   448.50000000000000        6.6779831553525758E-004
   449.38461538461536        6.5044801662414117E-004
   450.26923076923077        6.3323168283774896E-004
   451.15384615384613        6.1615513306278688E-004
   452.03846153846155        5.9922434585807914E-004
   452.92307692307691        5.8244545477692620E-004
   453.80769230769226        5.6582474092366382E-004
   454.69230769230768        5.4936862277180749E-004
   455.57692307692304        5.3308364330006670E-004
   456.46153846153845        5.1697645453108545E-004
   457.34615384615381        5.0105379958570733E-004
   458.23076923076923        4.8532249239234657E-004
   459.11538461538458        4.6978939521660789E-004
   460.00000000000000        4.5446139420003863E-004
   460.88461538461536        4.3934537311879769E-004
   461.76923076923077        4.2444818559253018E-004
   462.65384615384613        4.0977662599090201E-004
   463.53846153846155        3.9533739929954357E-004
   464.42307692307691        3.8113709021874381E-004
   465.30769230769226        3.6718213177662040E-004
   466.19230769230768        3.5347877374393753E-004
   467.07692307692304        3.4003305113989381E-004
   467.96153846153845        3.2685075311721264E-004
   468.84615384615381        3.1393739251076692E-004
   469.73076923076923        3.0129817632669633E-004
   470.61538461538458        2.8893797743884147E-004
   471.50000000000000        2.7686130774626748E-004
   472.38461538461536        2.6507229303006054E-004
   473.26923076923077        2.5357464972949043E-004
   474.15384615384613        2.4237166383747342E-004
   475.03846153846155        2.3146617209312295E-004
   475.92307692307691        2.2086054562553092E-004
   476.80769230769226        2.1055667617789781E-004
   477.69230769230768        2.0055596501522080E-004
   478.57692307692304        1.9085931459213856E-004
   479.46153846153845        1.8146712303063496E-004
   480.34615384615381        1.7237928143043750E-004
   481.23076923076923        1.6359517400835300E-004
   482.11538461538458        1.5511368103689747E-004
   483.00000000000000        1.4693318452753030E-004
   483.88461538461536        1.3905157658002679E-004
   484.76923076923077        1.3146627029709575E-004
   485.65384615384613        1.2417421314265298E-004
   486.53846153846155        1.1717190260323122E-004
   487.42307692307691        1.1045540399514718E-004
   488.30769230769226        1.0402037024525267E-004
   489.19230769230768        9.7862063460586482E-005
   490.07692307692304        9.1975378091985942E-005
   490.96153846153845        8.6354865488799247E-005
   491.84615384615381        8.0994759636265516E-005
   492.73076923076923        7.5889003863821418E-005
   493.61538461538458        7.1031278311573594E-005
   494.50000000000000        6.6415027943280143E-005
   495.38461538461536        6.2033490897388515E-005
   496.26923076923077        5.7879726972775610E-005
   497.15384615384613        5.3946646052763087E-005
   498.03846153846155        5.0227036279499138E-005
   498.92307692307691        4.6713591800809832E-005
   499.80769230769226        4.3398939922873827E-005
   500.69230769230768        4.0275667514443408E-005
   501.57692307692304        3.7336346521571836E-005
   502.46153846153845        3.4573558465755902E-005
   503.34615384615381        3.1979917812865110E-005
   504.23076923076923        2.9548094114996099E-005
   505.11538461538458        2.7270832842323062E-005
   506.00000000000000        2.5140974836894045E-005
   506.88461538461536        2.3151474335033676E-005
   507.76923076923077        2.1295415519364496E-005
   508.65384615384613        1.9566027575354247E-005
   509.53846153846155        1.7956698240578948E-005
   510.42307692307691        1.6460985847488162E-005
   511.30769230769226        1.5072629872247591E-005
   512.19230769230762        1.3785560013168868E-005
   513.07692307692309        1.2593903832232481E-005
   513.96153846153845        1.1491993002242955E-005
   514.84615384615381        1.0474368210179200E-005
   515.73076923076917        9.5357827743205679E-006
   516.61538461538464        8.6712050387163340E-006
   517.50000000000000        7.8758196135553308E-006
   518.38461538461536        7.1450275339862886E-006
   519.26923076923072        6.4744454129861185E-006
   520.15384615384619        5.8599036659964500E-006
   521.03846153846155        5.2974438863125870E-006
   521.92307692307691        4.7833154506549567E-006
   522.80769230769226        4.3139714340526381E-006
   523.69230769230762        3.8860639121733880E-006
   524.57692307692309        3.4964387276225447E-006
   525.46153846153845        3.1421297945654168E-006
   526.34615384615381        2.8203530133749275E-006
   527.23076923076917        2.5284998639403892E-006
   528.11538461538464        2.2641307428557324E-006
   529.00000000000000        2.0249681060083596E-006
   529.88461538461536        1.8088894741710876E-006
   530.76923076923072        1.6139203551234156E-006
   531.65384615384619        1.4382271316465255E-006
   532.53846153846155        1.2801099605054065E-006
   533.42307692307691        1.1379957232956689E-006
   534.30769230769226        1.0104310658383473E-006
   535.19230769230762        8.9607555868884398E-007
   536.07692307692309        7.9369500732303636E-007
   536.96153846153845        7.0215493670201904E-007
   537.84615384615381        6.2041427122212467E-007
   538.73076923076917        5.4751922755004977E-007
   539.61538461538464        4.8259743453861243E-007
   540.50000000000000        4.2485229133084831E-007
   541.38461538461536        3.7355757189579006E-007
   542.26923076923072        3.2805228160463969E-007
   543.15384615384619        2.8773576905178877E-007
   544.03846153846155        2.5206309415149877E-007
   544.92307692307691        2.2054065159370328E-007
   545.80769230769226        1.9272204701645159E-007
   546.69230769230762        1.6820422173982266E-007
   547.57692307692309        1.4662382059831860E-007
   548.46153846153845        1.2765379629511172E-007
   549.34615384615381        1.1100024277085033E-007
   550.23076923076917        9.6399449320226645E-008
   551.11538461538464        8.3615166588267748E-008
   552.00000000000000        7.2436075122923296E-008
   552.88461538461536        6.2673446837770984E-008
   553.76923076923072        5.4158989535976782E-008
   554.65384615384619        4.6742864551199656E-008
   555.53846153846155        4.0291867560911565E-008
   556.42307692307691        3.4687762710661149E-008
   557.30769230769226        2.9825760343068105E-008
   558.19230769230762        2.5613128842061509E-008
   559.07692307692309        2.1967931371259944E-008
   559.96153846153845        1.8817878596139493E-008
   560.84615384615381        1.6099288824275634E-008
   561.73076923076917        1.3756147368750974E-008
   562.61538461538464        1.1739257329721833E-008
   563.50000000000000        1.0005474391898394E-008
   564.38461538461536        8.5170186456779974E-009
   565.26923076923072        7.2408568520057773E-009
   566.15384615384619        6.1481489814160502E-009
   567.03846153846155        5.2137532625063880E-009
   567.92307692307691        4.4157843711946449E-009
   568.80769230769226        3.7352197769636467E-009
   569.69230769230762        3.1555496338065985E-009
   570.57692307692309        2.6624659601244489E-009
   571.46153846153845        2.2435871921380359E-009
   572.34615384615381        1.8882145185755122E-009
   573.23076923076917        1.5871167099072634E-009
   574.11538461538464        1.3323404429173236E-009
   575.00000000000000        1.1170433908671644E-009
   575.88461538461536        9.3534760105882959E-010
   576.76923076923072        7.8221091555635390E-010
   577.65384615384608        6.5331440762606939E-010
   578.53846153846155        5.4496400668019253E-010
   579.42307692307691        4.5400466880988873E-010
   580.30769230769226        3.7774561910189205E-010
   581.19230769230762        3.1389534662383812E-010
   582.07692307692309        2.6050517404481663E-010
   582.96153846153845        2.1592035215722877E-010
   583.84615384615381        1.7873774591360721E-010
   584.73076923076917        1.4776928381390318E-010
   585.61538461538464        1.2201043738469657E-010
   586.50000000000000        1.0061308287128618E-010
   587.38461538461536        8.2862173877139730E-011
   588.26923076923072        6.8155722261917448E-011
   589.15384615384608        5.5987645842143686E-011
   590.03846153846155        4.5933095983386220E-011
   590.92307692307691        3.7635926645528848E-011
   591.80769230769226        3.0798009419748499E-011
   592.69230769230762        2.5170137113581543E-011
   593.57692307692309        2.0544291995733416E-011
   594.46153846153845        1.6747084363603802E-011
   595.34615384615381        1.3634193064835332E-011
   596.23076923076917        1.1085662375020180E-011
   597.11538461538464        9.0019295582806567E-012
   598.00000000000000        7.3004748350722894E-012
   598.88461538461536        5.9130006411950727E-012
   599.76923076923072        4.7830602445052906E-012
   600.65384615384608        3.8640672257827719E-012
   601.53846153846155        3.1176272380774084E-012
   602.42307692307691        2.5121420227523134E-012
   603.30769230769226        2.0216430480998320E-012
   604.19230769230762        1.6248184969625836E-012
   605.07692307692309        1.3042027954410355E-012
   605.96153846153845        1.0455025624298530E-012
   606.84615384615381        8.3703687248178438E-013
   607.73076923076917        6.6927315304336119E-013
   608.61538461538464        5.3444296100331855E-013
   609.50000000000000        4.2622437238992213E-013
   610.38461538461536        3.3947983374863352E-013
   611.26923076923072        2.7004011719405105E-013
   612.15384615384608        2.1452653938258365E-013
   613.03846153846155        1.7020488760096538E-013
   613.92307692307691        1.3486557832613111E-013
   614.80769230769226        1.0672548477573147E-013
   615.69230769230762        8.4347635790875446E-014
   616.57692307692309        6.6575630917806881E-014
   617.46153846153845        5.2480154685844303E-014
   618.34615384615381        4.1315422987016540E-014
   619.23076923076917        3.2483769956883962E-014
   620.11538461538464        2.5506896600448540E-014
   621.00000000000000        2.0002562605164627E-014
   621.88461538461536        1.5665718822458111E-014
   622.76923076923072        1.2253256967515385E-014
   623.65384615384608        9.5717012584930693E-015
   624.53846153846155        7.4672891140104561E-015
   625.42307692307691        5.8179889642368054E-015
   626.30769230769226        4.5270863291345334E-015
   627.19230769230762        3.5180376153498234E-015
   628.07692307692309        2.7303471231746457E-015
   628.96153846153845        2.1162686605388553E-015
   629.84615384615381        1.6381707025292936E-015
   630.73076923076917        1.2664346857086946E-015
   631.61538461538464        9.7778101012890135E-016
   632.50000000000000        7.5393765282882958E-016
   633.38461538461536        5.8058281420088148E-016
   634.26923076923072        4.4650641626166556E-016
   635.15384615384608        3.4294612122345428E-016
   636.03846153846155        2.6306231029677771E-016
   636.92307692307691        2.0152354284005557E-016
   637.80769230769226        1.5417972173327616E-016
   638.69230769230762        1.1780478160997213E-016
   639.57692307692309        8.9894404307109916E-017
   640.46153846153845        6.8507223485743785E-017
   641.34615384615381        5.2140348613622368E-017
   642.23076923076917        3.9631931809989017E-017
   643.11538461538464        3.0085012274450213E-017
   644.00000000000000        2.2808077356812882E-017
   644.88461538461536        1.7268737578035933E-017
   645.76923076923072        1.3057674165319609E-017
   646.65384615384608        9.8606214663749018E-018
   647.53846153846155        7.4366247741206463E-018
   648.42307692307691        5.6011921725820669E-018
   649.30769230769226        4.2132574904561617E-018
   650.19230769230762        3.1651067140037950E-018
   651.07692307692309        2.3746053638575346E-018
   651.96153846153845        1.7792098290034351E-018
   652.84615384615381        1.3313597955865007E-018
   653.73076923076917        9.9493832274706326E-019
   654.61538461538464        7.4255605215835081E-019
   655.50000000000000        5.5347065206165628E-019
   656.38461538461536        4.1199518099344044E-019
   657.26923076923072        3.0628220987883558E-019
   658.15384615384608        2.2739631279255377E-019
   659.03846153846155        1.6860753944748367E-019
   659.92307692307691        1.2485398399232907E-019
   660.80769230769226        9.2333559588164530E-020
   661.69230769230762        6.8194355607024747E-020
   662.57692307692309        5.0300103481818144E-020
   663.46153846153845        3.7052784009984371E-020
   664.34615384615381        2.7258644165535230E-020
   665.23076923076917        2.0027143874038338E-020
   666.11538461538464        1.4694847065092198E-020
   667.00000000000000        1.0768180662924869E-020
   667.88461538461536        7.8804448049864627E-021
   668.76923076923072        5.7595717362606531E-021
   669.65384615384608        4.2039800035908447E-021
   670.53846153846155        3.0645168194808684E-021
   671.42307692307691        2.2309725371264914E-021
   672.30769230769226        1.6220237787772536E-021
   673.19230769230762        1.1777440469910311E-021
   674.07692307692309        8.5403419422695014E-022
   674.96153846153845        6.1848642941361571E-022
   675.84615384615381        4.4731720005773916E-022
   676.73076923076917        3.2309591173603246E-022
   677.61538461538464        2.3306534669117576E-022
   678.50000000000000        1.6790137846575040E-022
   679.38461538461536        1.2079836862119768E-022
   680.26923076923072        8.6795671150312232E-023
   681.15384615384608        6.2282378575312827E-023
   682.03846153846155        4.4633647748590102E-023
   682.92307692307691        3.1944020869728767E-023
   683.80769230769226        2.2832145795012036E-023
   684.69230769230762        1.6297979516482714E-023
   685.57692307692309        1.1618515441643558E-023
   686.46153846153845        8.2717478640603396E-024
   687.34615384615381        5.8813043888629350E-024
   688.23076923076917        4.1761846381843842E-024
   689.11538461538464        2.9615245484118886E-024
   690.00000000000000        2.0973965021739266E-024
   690.88461538461536        1.4834579688693235E-024
   691.76923076923072        1.0478506904391227E-024
   692.65384615384608        7.3918468744859485E-025
   693.53846153846155        5.2075790141410637E-025
   694.42307692307691        3.6639376358718911E-025
   695.30769230769226        2.5744800220623355E-025
   696.19230769230762        1.8065923982088556E-025
   697.07692307692309        1.2660765985805120E-025
   697.96153846153845        8.8611255012513472E-026
   698.84615384615381        6.1936526963525746E-026
   699.73076923076917        4.3234836332268224E-026
   700.61538461538464        3.0140451396350785E-026
   701.50000000000000        2.0984305597082297E-026
   702.38461538461536        1.4590437838177529E-026
   703.26923076923072        1.0131432955317776E-026
   704.15384615384608        7.0259039621303957E-027
   705.03846153846155        4.8658899689608809E-027
   705.92307692307691        3.3655113325499528E-027
   706.80769230769226        2.3247084080643257E-027
   707.69230769230762        1.6036682457478383E-027
   708.57692307692309        1.1048139429874367E-027
   709.46153846153845        7.6013774092277646E-028
   710.34615384615381        5.2230470469333942E-028
   711.23076923076917        3.5841323044347774E-028
   712.11538461538464        2.4562498535949833E-028
   713.00000000000000        1.6810840449666398E-028
   713.88461538461536        1.1490386790581642E-028
   714.76923076923072        7.8434687376593759E-029
   715.65384615384608        5.3469971703500385E-029
   716.53846153846155        3.6403233780379711E-029
   717.42307692307691        2.4751308601637144E-029
   718.30769230769226        1.6806780165692103E-029
   719.19230769230762        1.1397221609360086E-029
   720.07692307692309        7.7186535872088699E-030
   720.96153846153845        5.2205006878947757E-030
   721.84615384615381        3.5262311704892778E-030
   722.73076923076917        2.3786874710258719E-030
   723.61538461538464        1.6024774951979924E-030
   724.50000000000000        1.0781381392644121E-030
   725.38461538461536        7.2441054581790092E-031
   726.26923076923072        4.8609703360605460E-031
   727.15384615384608        3.2575343077855461E-031
   728.03846153846155        2.1801321303650371E-031
   728.92307692307691        1.4571504396704322E-031
   729.80769230769226        9.7264351724639388E-032
   730.69230769230762        6.4838162737746270E-032
   731.57692307692309        4.3165360560910704E-032
   732.46153846153845        2.8699060894100889E-032
   733.34615384615381        1.9055818592995209E-032
   734.23076923076917        1.2636160005970400E-032
   735.11538461538464        8.3681639037493135E-033
   736.00000000000000        5.5344283106537927E-033
   736.88461538461536        3.6554668856014017E-033
   737.76923076923072        2.4112398596503068E-033
   738.65384615384608        1.5884202687357487E-033
   739.53846153846155        1.0450037414667316E-033
   740.42307692307691        6.8659030048520501E-034
   741.30769230769226        4.5051042975250635E-034
   742.19230769230762        2.9521565079736045E-034
   743.07692307692309        1.9319737566423248E-034
   743.96153846153845        1.2626714474774545E-034
   744.84615384615381        8.2415095239953468E-035
   745.73076923076917        5.3721782376974560E-035
   746.61538461538464        3.4972065348478609E-035
   747.50000000000000        2.2736276664506224E-035
   748.38461538461536        1.4761978963359283E-035
   749.26923076923072        9.5718739015314208E-036
   750.15384615384608        6.1983555158211851E-036
   751.03846153846155        4.0085111907028342E-036
   751.92307692307691        2.5889090933696791E-036
   752.80769230769226        1.6698503888385255E-036
   753.69230769230762        1.0756360818162477E-036
   754.57692307692309        6.9195870879437637E-037
   755.46153846153845        4.4455141161511342E-037
   756.34615384615381        2.8522709800110749E-037
   757.23076923076917        1.8276226344867711E-037
   758.11538461538464        1.1695241858047190E-037
   759.00000000000000        7.4740982339001323E-038
   759.88461538461536        4.7701857484113738E-038
   760.76923076923072        3.0404555231817313E-038
   761.65384615384608        1.9353917031566230E-038
   762.53846153846155        1.2303422328695482E-038
   763.42307692307691        7.8110569964918115E-039
   764.30769230769226        4.9524543498798437E-039
   765.19230769230762        3.1358691754356602E-039
   766.07692307692309        1.9829974420818207E-039
   766.96153846153845        1.2523136564614237E-039
   767.84615384615381        7.8982487271888256E-040
   768.73076923076917        4.9747951842033111E-040
   769.61538461538464        3.1292934888187592E-040
   770.50000000000000        1.9658214193615873E-040
   771.38461538461536        1.2332993063901290E-040
   772.26923076923072        7.7271537421896662E-041
   773.15384615384608        4.8350085250321509E-041
   774.03846153846155        3.0213535201491225E-041
   774.92307692307691        1.8855256125158325E-041
   775.80769230769226        1.1751408007098487E-041
   776.69230769230762        7.3143196384449049E-042
   777.57692307692309        4.5465765837204705E-042
   778.46153846153845        2.8224198424245014E-042
   779.34615384615381        1.7497872093272637E-042
   780.23076923076917        1.0833663914022291E-042
   781.11538461538464        6.6987221582534448E-043
   782.00000000000000        4.1365191779699923E-043
   782.88461538461536        2.5509654445606211E-043
   783.76923076923072        1.5710881440977064E-043
   784.65384615384608        9.6632442056260355E-044
   785.53846153846155        5.9356976757937105E-044
   786.42307692307691        3.6412205999440019E-044
   787.30769230769226        2.2307381577793968E-044
   788.19230769230762        1.3648237607126010E-044
   789.07692307692309        8.3393252676478035E-045
   789.96153846153845        5.0887556699643765E-045
   790.84615384615381        3.1011203388741203E-045
   791.73076923076917        1.8873478939385321E-045
   792.61538461538453        1.1471272885496002E-045
   793.50000000000000        6.9630186401447307E-046
   794.38461538461536        4.2209459257519707E-046
   795.26923076923072        2.5553376333755294E-046
   796.15384615384608        1.5449451075559884E-046
   797.03846153846155        9.3283334883876261E-047
   797.92307692307691        5.6249842441817745E-047
   798.80769230769226        3.3873867272105003E-047
   799.69230769230762        2.0372037449524741E-047
   800.57692307692309        1.2235743157620514E-047
   801.46153846153845        7.3392626308505449E-048
   802.34615384615381        4.3964352912808758E-048
   803.23076923076917        2.6301172553591791E-048
   804.11538461538453        1.5713599996174551E-048
   805.00000000000000        9.3756723961144095E-049
   805.88461538461536        5.5866992281124679E-049
   806.76923076923072        3.3245608325954827E-049
   807.65384615384608        1.9757836774575938E-049
   808.53846153846155        1.1726559414270401E-049
   809.42307692307691        6.9506899947988203E-050
   810.30769230769226        4.1144455167280349E-050
   811.19230769230762        2.4323204348317904E-050
   812.07692307692309        1.4360062414738001E-050
   812.96153846153845        8.4667731392228339E-051
   813.84615384615381        4.9854637918552366E-051
   814.73076923076917        2.9316981129445509E-051
   815.61538461538453        1.7217058583030869E-051
   816.50000000000000        1.0097751680245966E-051
   817.38461538461536        5.9144780766862555E-052
   818.26923076923072        3.4596659538927305E-052
   819.15384615384608        2.0210539279270492E-052
   820.03846153846155        1.1790918032787842E-052
   820.92307692307691        6.8697876678970912E-053
   821.80769230769226        3.9972837197748146E-053
   822.69230769230762        2.3228041539999138E-053
   823.57692307692309        1.3479884266937535E-053
   824.46153846153845        7.8124216529772499E-054
   825.34615384615381        4.5217976150493895E-054
   826.23076923076917        2.6137406468930638E-054
   827.11538461538453        1.5088281601234287E-054
   828.00000000000000        8.6984722092969719E-055
   828.88461538461536        5.0080895043478646E-055
   829.76923076923072        2.8795662737233551E-055
   830.65384615384608        1.6535143255349798E-055
   831.53846153846155        9.4823225688043827E-056
   832.42307692307691        5.4305943126634721E-056
   833.30769230769226        3.1060315357177713E-056
   834.19230769230762        1.7741495235494075E-056
   835.07692307692309        1.0120464076531519E-056
   835.96153846153845        5.7654934075625451E-057
   836.84615384615381        3.2801852296556519E-057
   837.73076923076917        1.8637432654947763E-057
   838.61538461538453        1.0575468804595207E-057
   839.50000000000000        5.9929269776901115E-058
   840.38461538461536        3.3915963005649110E-058
   841.26923076923072        1.9168808674873309E-058
   842.15384615384608        1.0819617031695164E-058
   843.03846153846155        6.0989411813016406E-059
   843.92307692307691        3.4333872080558389E-059
   844.80769230769226        1.9302648478057097E-059
   845.69230769230762        1.0837691636486545E-059
   846.57692307692309        6.0769049431794255E-060
   847.46153846153845        3.4029365779763932E-060
   848.34615384615381        1.9030535976105186E-060
   849.23076923076917        1.0628547842824714E-060
   850.11538461538453        5.9281964198433406E-061
   851.00000000000000        3.3021513370309041E-061
   851.88461538461536        1.8369489657422771E-061
   852.76923076923072        1.0205233185699084E-061
   853.65384615384608        5.6620603323782550E-062
   854.53846153846155        3.1372690533565436E-062
   855.42307692307691        1.7360200859458082E-062
   856.30769230769226        9.5936402243973414E-063
   857.19230769230762        5.2946567023449760E-063
   858.07692307692309        2.9182189694661351E-063
   858.96153846153845        1.6062888032272227E-063
   859.84615384615381        8.8298854359488780E-064
   860.73076923076917        4.8474370877869993E-064
   861.61538461538453        2.6576327350668172E-064
   862.50000000000000        1.4551354241353413E-064
   863.38461538461536        7.9567831659753412E-065
   864.26923076923072        4.3450751143085536E-065
   865.15384615384608        2.3696418167885909E-065
   866.03846153846155        1.2906062622719984E-065
   866.92307692307691        7.0198926766350475E-066
   867.80769230769226        3.8132283554346158E-066
   868.69230769230762        2.0686203246378882E-066
   869.57692307692309        1.1207129459270698E-066
   870.46153846153845        6.0636428487287899E-067
   871.34615384615381        3.2764116123407063E-067
   872.23076923076917        1.7680270860794560E-067
   873.11538461538453        9.5280709332766641E-068
   874.00000000000000        5.1279839224574433E-068
   874.88461538461536        2.7562203156544642E-068
   875.76923076923072        1.4794721738960381E-068
   876.65384615384608        7.9309509897634238E-069
   877.53846153846155        4.2458956828139825E-069
   878.42307692307691        2.2700684787940415E-069
   879.30769230769226        1.2120880724384923E-069
   880.19230769230762        6.4633098084266413E-070
   881.07692307692309        3.4419245227216267E-070
   881.96153846153845        1.8305149509710023E-070
   882.84615384615381        9.7223395211645794E-071
   883.73076923076917        5.1569610061563507E-071
   884.61538461538453        2.7317595453289816E-071
   885.50000000000000        1.4451623704551656E-071
   886.38461538461536        7.6351288457871858E-072
   887.26923076923072        4.0284839932895003E-072
   888.15384615384608        2.1227187556961431E-072
   889.03846153846155        1.1170402220290874E-072
   889.92307692307691        5.8704406430010792E-073
   890.80769230769226        3.0810455807511128E-073
   891.69230769230762        1.6149202271234544E-073
   892.57692307692309        8.4533636193080743E-074
   893.46153846153845        4.4190971445758996E-074
   894.34615384615381        2.3070821851358393E-074
   895.23076923076917        1.2028683503522277E-074
   896.11538461538453        6.2632340681031906E-075
   897.00000000000000        3.2569020356209593E-075
   897.88461538461536        1.6913607752353925E-075
   898.76923076923072        8.7718928077950470E-076
   899.65384615384608        4.5433466787057293E-076
   900.53846153846155        2.3500869663411101E-076
   901.42307692307691        1.2139966385541275E-076
   902.30769230769226        6.2629151043200758E-077
   903.19230769230762        3.2267183025838143E-077
   904.07692307692309        1.6602407317402062E-077
   904.96153846153845        8.5311299580432714E-078
   905.84615384615381        4.3779170594769625E-078
   906.73076923076917        2.2436441469654324E-078
   907.61538461538453        1.1483278475045207E-078
   908.50000000000000        5.8695294596992595E-079
   909.38461538461536        2.9961678791483387E-079
   910.26923076923072        1.5274059049423915E-079
   911.15384615384608        7.7762147986663010E-080
   912.03846153846155        3.9537343924724583E-080
   912.92307692307691        2.0075768960286446E-080
   913.80769230769226        1.0180341371666349E-080
   914.69230769230762        5.1555849173818154E-081
   915.57692307692309        2.6074680543353234E-081
   916.46153846153845        1.3169991484390699E-081
   917.34615384615381        6.6432016512505089E-082
   918.23076923076917        3.3465307330160544E-082
   919.11538461538453        1.6835950434800879E-082
   920.00000000000000        8.4587442715231756E-083

