   0.0000000000000000        3.6896991878204607E-004
   2.4918918918918918        3.9575024660204211E-004
   4.9837837837837835        4.2318577571938073E-004
   7.4756756756756753        4.5122207023224286E-004
   9.9675675675675670        4.7980963542172629E-004
   12.459459459459460        5.0890502070599533E-004
   14.951351351351351        5.3847171848730318E-004
   17.443243243243241        5.6848085637977905E-004
   19.935135135135134        5.9891169123694641E-004
   22.427027027027027        6.2975192201484230E-004
   24.918918918918919        6.6099784405332623E-004
   27.410810810810808        6.9265436937128552E-004
   29.902702702702701        7.2473493593873482E-004
   32.394594594594594        7.5726132387848822E-004
   34.886486486486483        7.9026338880232977E-004
   37.378378378378379        8.2377871297127821E-004
   39.870270270270268        8.5785216490480605E-004
   42.362162162162157        8.9253534880959727E-004
   44.854054054054053        9.2788591812346629E-004
   47.345945945945942        9.6396672381373824E-004
   49.837837837837839        1.0008447688044167E-003
   52.329729729729728        1.0385899456164872E-003
   54.821621621621617        1.0772735450972897E-003
   57.313513513513513        1.1169665395635671E-003
   59.805405405405402        1.1577376628327835E-003
   62.297297297297291        1.1996513310287558E-003
   64.789189189189187        1.2427654698968428E-003
   67.281081081081084        1.2871293345861317E-003
   69.772972972972966        1.3327814243238186E-003
   72.264864864864862        1.3797476051240693E-003
   74.756756756756758        1.4280395569751399E-003
   77.248648648648640        1.4776536566776114E-003
   79.740540540540536        1.5285703931621141E-003
   82.232432432432432        1.5807543889412815E-003
   84.724324324324314        1.6341550703715233E-003
   87.216216216216210        1.6887079923749422E-003
   89.708108108108107        1.7443367825914831E-003
   92.199999999999989        1.8009556284436427E-003
   94.691891891891885        1.8584721913869999E-003
   97.183783783783781        1.9167907987619965E-003
   99.675675675675677        1.9758157379533791E-003
   102.16756756756756        2.0354544622830759E-003
   104.65945945945946        2.0956205147622466E-003
   107.15135135135135        2.1562359851883387E-003
   109.64324324324323        2.2172333378206060E-003
   112.13513513513513        2.2785564797906371E-003
   114.62702702702703        2.3401609824330147E-003
   117.11891891891891        2.4020134160962318E-003
   119.61081081081080        2.4640898104846139E-003
   122.10270270270270        2.5263733037496072E-003
   124.59459459459458        2.5888510910188779E-003
   127.08648648648648        2.6515108237783712E-003
   129.57837837837837        2.7143366430168797E-003
   132.07027027027027        2.7773050495424460E-003
   134.56216216216217        2.8403808234555832E-003
   137.05405405405403        2.9035132013446362E-003
   139.54594594594593        2.9666325050940038E-003
   142.03783783783783        3.0296473917079971E-003
   144.52972972972972        3.0924428612320821E-003
   147.02162162162162        3.1548791220252751E-003
   149.51351351351352        3.2167913717728700E-003
   152.00540540540538        3.2779905111526655E-003
   154.49729729729728        3.3382647671907576E-003
   156.98918918918918        3.3973821669452840E-003
   159.48108108108107        3.4550937707037346E-003
   161.97297297297297        3.5111375483958761E-003
   164.46486486486486        3.5652427640042298E-003
   166.95675675675676        3.6171347206009003E-003
   169.44864864864863        3.6665397131316400E-003
   171.94054054054052        3.7131900368259749E-003
   174.43243243243242        3.7568289055647346E-003
   176.92432432432432        3.7972151459760876E-003
   179.41621621621621        3.8341275486494645E-003
   181.90810810810811        3.8673687767747413E-003
   184.39999999999998        3.8967687537864774E-003
   186.89189189189187        3.9221874742268034E-003
   189.38378378378377        3.9435172049991302E-003
   191.87567567567567        3.9606840664163862E-003
   194.36756756756756        3.9736490029177772E-003
   196.85945945945946        3.9824081710754930E-003
   199.35135135135135        3.9869927867110175E-003
   201.84324324324322        3.9874684829687415E-003
   204.33513513513512        3.9839342367050988E-003
   206.82702702702701        3.9765209215163189E-003
   209.31891891891891        3.9653895424695343E-003
   211.81081081081081        3.9507292007830959E-003
   214.30270270270270        3.9327548272799781E-003
   216.79459459459457        3.9117047125905259E-003
   219.28648648648647        3.8878378510923670E-003
   221.77837837837836        3.8614311057148555E-003
   224.27027027027026        3.8327761931274888E-003
   226.76216216216216        3.8021764843404987E-003
   229.25405405405405        3.7699436148877006E-003
   231.74594594594592        3.7363939016594790E-003
   234.23783783783782        3.7018445698347251E-003
   236.72972972972971        3.6666098026033266E-003
   239.22162162162161        3.6309966375962037E-003
   241.71351351351350        3.5953007461244479E-003
   244.20540540540540        3.5598021434415168E-003
   246.69729729729730        3.5247608893658362E-003
   249.18918918918916        3.4904128480391932E-003
   251.68108108108106        3.4569655829381971E-003
   254.17297297297296        3.4245944683947986E-003
   256.66486486486485        3.3934391019829558E-003
   259.15675675675675        3.3636001035536947E-003
   261.64864864864865        3.3351363868944031E-003
   264.14054054054054        3.3080629893513830E-003
   266.63243243243244        3.2823495435204417E-003
   269.12432432432433        3.2579194732389751E-003
   271.61621621621617        3.2346499932384360E-003
   274.10810810810807        3.2123729872356849E-003
   276.59999999999997        3.1908768319787797E-003
   279.09189189189186        3.1699092236744503E-003
   281.58378378378376        3.1491810471692369E-003
   284.07567567567565        3.1283713062815561E-003
   286.56756756756755        3.1071331052191227E-003
   289.05945945945945        3.0851006360594572E-003
   291.55135135135134        3.0618970865059379E-003
   294.04324324324324        3.0371433369994843E-003
   296.53513513513514        3.0104672689490195E-003
   299.02702702702703        2.9815134591648666E-003
   301.51891891891893        2.9499529928166748E-003
   304.01081081081077        2.9154930918792641E-003
   306.50270270270266        2.8778862314743402E-003
   308.99459459459456        2.8369384057642917E-003
   311.48648648648646        2.7925162104077022E-003
   313.97837837837835        2.7445524313949930E-003
   316.47027027027025        2.6930498705613386E-003
   318.96216216216214        2.6380831952083263E-003
   321.45405405405404        2.5797986708240316E-003
   323.94594594594594        2.5184117185350114E-003
   326.43783783783783        2.4542023284173475E-003
   328.92972972972973        2.3875084512878278E-003
   331.42162162162163        2.3187175799655644E-003
   333.91351351351352        2.2482568111958329E-003
   336.40540540540536        2.1765817468560192E-003
   338.89729729729726        2.1041646438637544E-003
   341.38918918918915        2.0314822535317397E-003
   343.88108108108105        1.9590038012965972E-003
   346.37297297297295        1.8871795463919769E-003
   348.86486486486484        1.8164303290003649E-003
   351.35675675675674        1.7471384617330282E-003
   353.84864864864863        1.6796402559812781E-003
   356.34054054054053        1.6142203955581405E-003
   358.83243243243243        1.5511082844251671E-003
   361.32432432432432        1.4904764067288870E-003
   363.81621621621622        1.4324406503757839E-003
   366.30810810810812        1.3770624641894495E-003
   368.79999999999995        1.3243526470558915E-003
   371.29189189189185        1.2742765084423049E-003
   373.78378378378375        1.2267600955531016E-003
   376.27567567567564        1.1816971545914434E-003
   378.76756756756754        1.1389564826768865E-003
   381.25945945945944        1.0983893326316514E-003
   383.75135135135133        1.0598365540036626E-003
   386.24324324324323        1.0231351885647867E-003
   388.73513513513512        9.8812428475368867E-004
   391.22702702702702        9.5464975033219700E-004
   393.71891891891892        9.2256812280993347E-004
   396.21081081081081        8.9174919974604257E-004
   398.70270270270271        8.6207753266031206E-004
   401.19459459459455        8.3345284594862673E-004
   403.68648648648644        8.0578949317808963E-004
   406.17837837837834        7.7901510514634528E-004
   408.67027027027024        7.5306861537383573E-004
   411.16216216216213        7.2789786811522708E-004
   413.65405405405403        7.0345702104314726E-004
   416.14594594594593        6.7970394966018765E-004
   418.63783783783782        6.5659784406780206E-004
   421.12972972972972        6.3409716238647170E-004
   423.62162162162161        6.1215807080255156E-004
   426.11351351351351        5.9073346021610803E-004
   428.60540540540541        5.6977258632427404E-004
   431.09729729729725        5.4922133632787681E-004
   433.58918918918914        5.2902308385940856E-004
   436.08108108108104        5.0912005654464262E-004
   438.57297297297293        4.8945510982438100E-004
   441.06486486486483        4.6997377781315714E-004
   443.55675675675673        4.5062645805676253E-004
   446.04864864864862        4.3137058248936527E-004
   448.54054054054052        4.1217263151967459E-004
   451.03243243243242        3.9300986128026270E-004
   453.52432432432431        3.7387163445890193E-004
   456.01621621621621        3.5476027121372333E-004
   458.50810810810810        3.3569136660447540E-004
   461.00000000000000        3.1669355276025619E-004
   463.49189189189184        2.9780771565324140E-004
   465.98378378378374        2.7908570598155586E-004
   468.47567567567563        2.6058860963804970E-004
   470.96756756756753        2.4238466423360549E-004
   473.45945945945942        2.2454692321919963E-004
   475.95135135135132        2.0715077779743797E-004
   478.44324324324322        1.9027144894542993E-004
   480.93513513513511        1.7398155780277681E-004
   483.42702702702701        1.5834887308053161E-004
   485.91891891891891        1.4343431997275192E-004
   488.41081081081080        1.2929031745636179E-004
   490.90270270270270        1.1595949111340607E-004
   493.39459459459459        1.0347378798963803E-004
   495.88648648648643        9.1853999739567854E-005
   498.37837837837833        8.1109681490929537E-005
   500.87027027027023        7.1239437390514365E-005
   503.36216216216212        6.2231530338973266E-005
   505.85405405405402        5.4064763407267851E-005
   508.34594594594591        4.6709574026543688E-005
   510.83783783783781        4.0129279199372133E-005
   513.32972972972971        3.4281410435174040E-005
   515.82162162162160        2.9119080446654465E-005
   518.31351351351350        2.4592329322721007E-005
   520.80540540540539        2.0649405315287160E-005
   523.29729729729729        1.7237943920820380E-005
   525.78918918918919        1.4306018001877363E-005
   528.28108108108108        1.1803040734123514E-005
   530.77297297297298        9.6805117167271198E-006
   533.26486486486488        7.8926042826773398E-006
   535.75675675675677        6.3965986299801966E-006
   538.24864864864867        5.1531707089744082E-006
   540.74054054054056        4.1265507864298095E-006
   543.23243243243235        3.2845682892680689E-006
   545.72432432432424        2.5986010035211289E-006
   548.21621621621614        2.0434471117465449E-006
   550.70810810810804        1.5971380712169809E-006
   553.19999999999993        1.2407091581413046E-006
   555.69189189189183        9.5794282335303125E-007
   558.18378378378372        7.3509800493075318E-007
   560.67567567567562        5.6063638612593563E-007
   563.16756756756752        4.2495441050181642E-007
   565.65945945945941        3.2012777988708436E-007
   568.15135135135131        2.3967324554934882E-007
   570.64324324324321        1.7833081270511627E-007
   573.13513513513510        1.3186804271024331E-007
   575.62702702702700        9.6906965227814700E-008
   578.11891891891889        7.0773197396826354E-008
   580.61081081081079        5.1366189673198667E-008
   583.10270270270269        3.7049051825722547E-008
   585.59459459459458        2.6556126390117717E-008
   588.08648648648648        1.8916338076983315E-008
   590.57837837837837        1.3390324333989469E-008
   593.07027027027027        9.4194150218239013E-009
   595.56216216216217        6.5846519675076588E-009
   598.05405405405406        4.5741999944745975E-009
   600.54594594594596        3.1576820292552045E-009
   603.03783783783786        2.1661581797923475E-009
   605.52972972972975        1.4766520432651539E-009
   608.02162162162153        1.0002998703531579E-009
   610.51351351351343        6.7335515961697328E-010
   613.00540540540533        4.5042044814169576E-010
   615.49729729729722        2.9939876403884327E-010
   617.98918918918912        1.9775982034624423E-010
   620.48108108108102        1.2980173368192503E-010
   622.97297297297291        8.4659481688846532E-011
   625.46486486486481        5.4868332632733127E-011
   627.95675675675670        3.5336000955303415E-011
   630.44864864864860        2.2613146920104406E-011
   632.94054054054050        1.4379743328989083E-011
   635.43243243243239        9.0862858430229053E-012
   637.92432432432429        5.7051287217280697E-012
   640.41621621621618        3.5594836538171447E-012
   642.90810810810808        2.2067331531800939E-012
   645.39999999999998        1.3594170194719396E-012
   647.89189189189187        8.3213636286652517E-013
   650.38378378378377        5.0614401026834910E-013
   652.87567567567567        3.0590771943307615E-013
   655.36756756756756        1.8371409212742250E-013
   657.85945945945946        1.0962994808456047E-013
   660.35135135135135        6.5005437581021073E-014
   662.84324324324325        3.8300370380468720E-014
   665.33513513513515        2.2422713760370154E-014
   667.82702702702704        1.3043808514028647E-014
   670.31891891891883        7.5396443204207606E-015
   672.81081081081072        4.3303868184767068E-015
   675.30270270270262        2.4713322011951947E-015
   677.79459459459451        1.4014041669198745E-015
   680.28648648648641        7.8962844277294110E-016
   682.77837837837831        4.4208781979080572E-016
   685.27027027027020        2.4593481323179639E-016
   687.76216216216210        1.3594288762240140E-016
   690.25405405405400        7.4665046632319705E-017
   692.74594594594589        4.0747589845908396E-017
   695.23783783783779        2.2095794989974675E-017
   697.72972972972968        1.1905286756952389E-017
   700.22162162162158        6.3737060706367051E-018
   702.71351351351348        3.3905143043287467E-018
   705.20540540540537        1.7920905900153640E-018
   707.69729729729727        9.4118421116059013E-019
   710.18918918918916        4.9114427051563140E-019
   712.68108108108106        2.5466121134237495E-019
   715.17297297297296        1.3120044118962887E-019
   717.66486486486485        6.7162381380289828E-020
   720.15675675675675        3.4161324885343512E-020
   722.64864864864865        1.7264765994988406E-020
   725.14054054054054        8.6696908874911727E-021
   727.63243243243244        4.3257659906948609E-021
   730.12432432432433        2.1445614652111526E-021
   732.61621621621623        1.0564030041973478E-021
   735.10810810810801        5.1705412335808727E-022
   737.59999999999991        2.5145324090447985E-022
   740.09189189189181        1.2150466041539778E-022
   742.58378378378370        5.8336816220179232E-023
   745.07567567567560        2.7829552966295051E-023
   747.56756756756749        1.3191163232925590E-023
   750.05945945945939        6.2125938489141217E-024
   752.55135135135129        2.9072038630580636E-024
   755.04324324324318        1.3517311720717017E-024
   757.53513513513508        6.2447801849921929E-025
   760.02702702702697        2.8665243906592633E-025
   762.51891891891887        1.3073909253879274E-025
   765.01081081081077        5.9246993489228192E-026
   767.50270270270266        2.6677055107449059E-026
   769.99459459459456        1.1934929885565073E-026
   772.48648648648646        5.3053248226491467E-027
   774.97837837837835        2.3432245922705467E-027
   777.47027027027025        1.0283131733671174E-027
   779.96216216216214        4.4837991186403498E-028
   782.45405405405404        1.9425664549482152E-028
   784.94594594594594        8.3620804554989735E-029
   787.43783783783783        3.5765248928201450E-029
   789.92972972972973        1.5199046877230750E-029
   792.42162162162163        6.4176997043427522E-030
   794.91351351351352        2.6924652780586014E-030
   797.40540540540542        1.1223498797323324E-030
   799.89729729729720        4.6485082502011998E-031
   802.38918918918910        1.9129600291616944E-031
   804.88108108108099        7.8217673810664120E-032
   807.37297297297289        3.1776815573334843E-032
   809.86486486486478        1.2826911497592772E-032
   812.35675675675668        5.1444605815106446E-033
   814.84864864864858        2.0500449668741781E-033
   817.34054054054047        8.1169432289359966E-034
   819.83243243243237        3.1932063990875164E-034
   822.32432432432427        1.2481495400787583E-034
   824.81621621621616        4.8474260041594813E-035
   827.30810810810806        1.8705119416708261E-035
   829.79999999999995        7.1715710744781719E-036
   832.29189189189185        2.7319481441151713E-036
   834.78378378378375        1.0340337648079372E-036
   837.27567567567564        3.8886684471229622E-037
   839.76756756756754        1.4530175028429643E-037
   842.25945945945944        5.3944145443879207E-038
   844.75135135135133        1.9898536815786835E-038
   847.24324324324323        7.2929147241662579E-039
   849.73513513513512        2.6557311712001857E-039
   852.22702702702702        9.6088162479271770E-040
   854.71891891891892        3.4542859637107955E-040
   857.21081081081081        1.2338124055945254E-040
   859.70270270270271        4.3786703231726363E-041
   862.19459459459449        1.5439650331552998E-041
   864.68648648648639        5.4092194407998740E-042
   867.17837837837828        1.8829270672466286E-042
   869.67027027027018        6.5122938514538336E-043
   872.16216216216208        2.2378754223507211E-043
   874.65405405405397        7.6408045286573781E-044
   877.14594594594587        2.5920500116663984E-044
   879.63783783783776        8.7367238654642117E-045
   882.12972972972966        2.9258673403756472E-045
   884.62162162162156        9.7355678229093443E-046
   887.11351351351345        3.2186104915033231E-046
   889.60540540540535        1.0572456029120334E-046
   892.09729729729725        3.4505119188143542E-047
   894.58918918918914        1.1188998289683863E-047
   897.08108108108104        3.6049460359444623E-048
   899.57297297297293        1.1540006904725084E-048
   902.06486486486483        3.6703963686403705E-049
   904.55675675675673        1.1598967194641867E-049
   907.04864864864862        3.6418746149461159E-050
   909.54054054054052        1.1361347316122084E-050
   912.03243243243242        3.5215489055145607E-051
   914.52432432432431        1.0845173822207511E-051
   917.01621621621621        3.3184714214022012E-052
   919.50810810810810        1.0088771503618887E-052
   922.00000000000000        3.0474528758748627E-053

