   0.0000000000000000        1.5160502747324549E-004
   1.6173285198555956        1.6034782248155593E-004
   3.2346570397111911        1.6941570076195399E-004
   4.8519855595667867        1.7882478919745959E-004
   6.4693140794223822        1.8859315831226521E-004
   8.0866425992779778        1.9874073576096294E-004
   9.7039711191335734        2.0928916949337518E-004
   11.321299638989169        2.2026164167603907E-004
   12.938628158844764        2.3168263585839470E-004
   14.555956678700360        2.4357766124789807E-004
   16.173285198555956        2.5597293925710198E-004
   17.790613718411549        2.6889505866197698E-004
   19.407942238267147        2.8237060672218215E-004
   21.025270758122744        2.9642578442328166E-004
   22.642599277978338        3.1108601457690828E-004
   24.259927797833932        3.2637555183421163E-004
   25.877256317689529        3.4231710371590893E-004
   27.494584837545126        3.5893147153378857E-004
   29.111913357400720        3.7623721957842339E-004
   30.729241877256314        3.9425038019100944E-004
   32.346570397111911        4.1298420134806721E-004
   33.963898916967509        4.3244894219961948E-004
   35.581227436823099        4.5265172065534658E-004
   37.198555956678696        4.7359641565650505E-004
   38.815884476534293        4.9528362525548151E-004
   40.433212996389891        5.1771068010426479E-004
   42.050541516245488        5.4087171048143080E-004
   43.667870036101078        5.6475776361765439E-004
   45.285198555956676        5.8935696685932023E-004
   46.902527075812273        6.1465473118124496E-004
   48.519855595667863        6.4063398875570669E-004
   50.137184115523461        6.6727545773055794E-004
   51.754512635379058        6.9455792707694825E-004
   53.371841155234655        7.2245855433946413E-004
   54.989169675090253        7.5095316934826106E-004
   56.606498194945843        7.8001657741363548E-004
   58.223826714801440        8.0962285618739677E-004
   59.841155234657037        8.3974564120277591E-004
   61.458483754512628        8.7035839604917339E-004
   63.075812274368225        9.0143466414874414E-004
   64.693140794223822        9.3294830012592581E-004
   66.310469314079413        9.6487367974617839E-004
   67.927797833935017        9.9718588829771429E-004
   69.545126353790607        1.0298608880570754E-003
   71.162454873646197        1.0628756660814194E-003
   72.779783393501802        1.0962083639827591E-003
   74.397111913357392        1.1298383915493220E-003
   76.014440433212997        1.1637465260858550E-003
   77.631768953068587        1.1979149991597029E-003
   79.249097472924177        1.2323275720857875E-003
   80.866425992779781        1.2669696009955909E-003
   82.483754512635372        1.3018280917542007E-003
   84.101083032490976        1.3368917443641552E-003
   85.718411552346566        1.3721509858766960E-003
   87.335740072202157        1.4075979902710453E-003
   88.953068592057761        1.4432266833096119E-003
   90.570397111913351        1.4790327300727806E-003
   92.187725631768942        1.5150135027560386E-003
   93.805054151624546        1.5511680263945210E-003
   95.422382671480136        1.5874969004771443E-003
   97.039711191335726        1.6240021949172835E-003
   98.657039711191331        1.6606873195427314E-003
   100.27436823104692        1.6975568671207966E-003
   101.89169675090253        1.7346164309026092E-003
   103.50902527075812        1.7718723986997413E-003
   105.12635379061371        1.8093317265379897E-003
   106.74368231046931        1.8470016959043615E-003
   108.36101083032490        1.8848896594533641E-003
   109.97833935018051        1.9230027807110024E-003
   111.59566787003610        1.9613477737607811E-003
   113.21299638989169        1.9999306490803199E-003
   114.83032490974729        2.0387564715970202E-003
   116.44765342960288        2.0778291366416149E-003
   118.06498194945847        2.1171511688117444E-003
   119.68231046931407        2.1567235478423081E-003
   121.29963898916967        2.1965455644617463E-003
   122.91696750902526        2.2366147079525729E-003
   124.53429602888086        2.2769265858009679E-003
   126.15162454873645        2.3174748744926878E-003
   127.76895306859205        2.3582512992698142E-003
   129.38628158844764        2.3992456395835588E-003
   131.00361010830323        2.4404457561346430E-003
   132.62093862815883        2.4818376348399659E-003
   134.23826714801444        2.5234054428498126E-003
   135.85559566787003        2.5651315918827611E-003
   137.47292418772562        2.6069968046490834E-003
   139.09025270758121        2.6489801809758172E-003
   140.70758122743680        2.6910592613811073E-003
   142.32490974729239        2.7332100872073505E-003
   143.94223826714801        2.7754072579254888E-003
   145.55956678700360        2.8176239877669247E-003
   147.17689530685919        2.8598321653171411E-003
   148.79422382671478        2.9020024210034334E-003
   150.41155234657037        2.9441042084194071E-003
   152.02888086642599        2.9861059060556018E-003
   153.64620938628158        3.0279749461639698E-003
   155.26353790613717        3.0696779771196016E-003
   156.88086642599276        3.1111810647232044E-003
   158.49819494584835        3.1524499364145048E-003
   160.11552346570397        3.1934502703746836E-003
   161.73285198555956        3.2341480290522776E-003
   163.35018050541515        3.2745098338532851E-003
   164.96750902527074        3.3145033747186436E-003
   166.58483754512633        3.3540978452239866E-003
   168.20216606498195        3.3932643908420627E-003
   169.81949458483754        3.4319765552833351E-003
   171.43682310469313        3.4702107075464538E-003
   173.05415162454872        3.5079464306284436E-003
   174.67148014440431        3.5451668519064796E-003
   176.28880866425990        3.5818588951186188E-003
   177.90613718411552        3.6180134347159345E-003
   179.52346570397111        3.6536253351644467E-003
   181.14079422382670        3.6886933605281974E-003
   182.75812274368229        3.7232199433041625E-003
   184.37545126353788        3.7572108058940784E-003
   185.99277978339350        3.7906744331409384E-003
   187.61010830324909        3.8236213998373405E-003
   189.22743682310468        3.8560635628121808E-003
   190.84476534296027        3.8880131328883662E-003
   192.46209386281586        3.9194816474296592E-003
   194.07942238267145        3.9504788691204695E-003
   195.69675090252707        3.9810116408250445E-003
   197.31407942238266        4.0110827296500444E-003
   198.93140794223825        4.0406896955276260E-003
   200.54873646209384        4.0698238206246014E-003
   202.16606498194943        4.0984691355991009E-003
   203.78339350180505        4.1266015771552105E-003
   205.40072202166064        4.1541883085253663E-003
   207.01805054151623        4.1811872305314067E-003
   208.63537906137182        4.2075467058770508E-003
   210.25270758122741        4.2332055134816082E-003
   211.87003610108303        4.2580930431924255E-003
   213.48736462093862        4.2821297343386107E-003
   215.10469314079421        4.3052277545585094E-003
   216.72202166064980        4.3272919083907936E-003
   218.33935018050539        4.3482207584982979E-003
   219.95667870036101        4.3679079363130920E-003
   221.57400722021660        4.3862436135386701E-003
   223.19133574007219        4.4031161014784605E-003
   224.80866425992778        4.4184135416998806E-003
   226.42599277978337        4.4320256491704475E-003
   228.04332129963896        4.4438454677595699E-003
   229.66064981949458        4.4537710978894626E-003
   231.27797833935017        4.4617073571106176E-003
   232.89530685920576        4.4675673364070988E-003
   234.51263537906135        4.4712738180160841E-003
   236.12996389891694        4.4727605243605863E-003
   237.74729241877256        4.4719731722184883E-003
   239.36462093862815        4.4688703113406579E-003
   240.98194945848374        4.4634239322413520E-003
   242.59927797833933        4.4556198336607429E-003
   244.21660649819492        4.4454577460914264E-003
   245.83393501805051        4.4329512136181181E-003
   247.45126353790613        4.4181272419979234E-003
   249.06859205776172        4.4010257262678707E-003
   250.68592057761731        4.3816986760815942E-003
   252.30324909747290        4.3602092613246029E-003
   253.92057761732849        4.3366307042378635E-003
   255.53790613718411        4.3110450471984998E-003
   257.15523465703967        4.2835418273940058E-003
   258.77256317689529        4.2542166908308074E-003
   260.38989169675091        4.2231699784098858E-003
   262.00722021660647        4.1905053161775448E-003
   263.62454873646209        4.1563282403430275E-003
   265.24187725631765        4.1207448852965565E-003
   266.85920577617327        4.0838607597420765E-003
   268.47653429602889        4.0457796322851671E-003
   270.09386281588445        4.0066025435205816E-003
   271.71119133574007        3.9664269569972769E-003
   273.32851985559563        3.9253460565720323E-003
   274.94584837545125        3.8834481927729433E-003
   276.56317689530687        3.8408164760631697E-003
   278.18050541516243        3.7975285104981786E-003
   279.79783393501805        3.7536562573698418E-003
   281.41516245487361        3.7092660151682435E-003
   283.03249097472923        3.6644184996814200E-003
   284.64981949458479        3.6191690063730754E-003
   286.26714801444041        3.5735676363713902E-003
   287.88447653429603        3.5276595674685086E-003
   289.50180505415159        3.4814853524313765E-003
   291.11913357400721        3.4350812285827356E-003
   292.73646209386277        3.3884794249129583E-003
   294.35379061371839        3.3417084557879713E-003
   295.97111913357401        3.2947933934629860E-003
   297.58844765342957        3.2477561149203398E-003
   299.20577617328519        3.2006155218435202E-003
   300.82310469314075        3.1533877356444734E-003
   302.44043321299637        3.1060862722194589E-003
   304.05776173285199        3.0587222033833920E-003
   305.67509025270755        3.0113043136169287E-003
   307.29241877256317        2.9638392617821240E-003
   308.90974729241873        2.9163317577847281E-003
   310.52707581227435        2.8687847637868680E-003
   312.14440433212997        2.8211997285403313E-003
   313.76173285198553        2.7735768617902145E-003
   315.37906137184115        2.7259154535906184E-003
   316.99638989169671        2.6782142409000021E-003
   318.61371841155233        2.6304718211203936E-003
   320.23104693140795        2.5826871094550121E-003
   321.84837545126351        2.5348598342258429E-003
   323.46570397111913        2.4869910617508206E-003
   325.08303249097469        2.4390837401496532E-003
   326.70036101083031        2.3911432496282700E-003
   328.31768953068593        2.3431779454601968E-003
   329.93501805054149        2.2951996790892015E-003
   331.55234657039711        2.2472242825432431E-003
   333.16967509025267        2.1992720016707880E-003
   334.78700361010829        2.1513678645578263E-003
   336.40433212996390        2.1035419728056000E-003
   338.02166064981947        2.0558297050769165E-003
   339.63898916967509        2.0082718243701137E-003
   341.25631768953065        1.9609144827639445E-003
   342.87364620938627        1.9138091197999818E-003
   344.49097472924183        1.8670122531390992E-003
   346.10830324909745        1.8205851625579818E-003
   347.72563176895306        1.7745934706629260E-003
   349.34296028880863        1.7291066258250793E-003
   350.96028880866425        1.6841972947319660E-003
   352.57761732851981        1.6399406735668942E-003
   354.19494584837543        1.5964137281487109E-003
   355.81227436823104        1.5536943743812502E-003
   357.42960288808661        1.5118606110800391E-003
   359.04693140794222        1.4709896176805131E-003
   360.66425992779779        1.4311568295128027E-003
   362.28158844765341        1.3924350032866076E-003
   363.89891696750902        1.3548932852030188E-003
   365.51624548736459        1.3185962937379639E-003
   367.13357400722020        1.2836032286633542E-003
   368.75090252707577        1.2499670173236176E-003
   370.36823104693138        1.2177335085992774E-003
   371.98555956678700        1.1869407243920889E-003
   373.60288808664257        1.1576181778772869E-003
   375.22021660649818        1.1297862671993087E-003
   376.83754512635375        1.1034557527416571E-003
   378.45487364620936        1.0786273255746479E-003
   380.07220216606498        1.0552912741648266E-003
   381.68953068592054        1.0334272558978259E-003
   383.30685920577616        1.0130041793982357E-003
   384.92418772563173        9.9398020299708333E-004
   386.54151624548734        9.7630285396923372E-004
   388.15884476534291        9.5990927230840488E-004
   389.77617328519852        9.4472658179752293E-004
   391.39350180505414        9.3067238994185106E-004
   393.01083032490970        9.1765541694302304E-004
   394.62815884476532        9.0557625229357498E-004
   396.24548736462089        8.9432823576367974E-004
   397.86281588447650        8.8379845754615589E-004
   399.48014440433212        8.7386887014687163E-004
   401.09747292418768        8.6441750229277012E-004
   402.71480144404330        8.5531976272959400E-004
   404.33212996389886        8.4644981935854703E-004
   405.94945848375448        8.3768203678890056E-004
   407.56678700361010        8.2889245314348933E-004
   409.18411552346566        8.1996027493301971E-004
   410.80144404332128        8.1076936710205657E-004
   412.41877256317684        8.0120971403128168E-004
   414.03610108303246        7.9117882643800637E-004
   415.65342960288808        7.8058306882057126E-004
   417.27075812274364        7.6933888239856193E-004
   418.88808664259926        7.5737387944834421E-004
   420.50541516245482        7.4462778654008804E-004
   422.12274368231044        7.3105321644293623E-004
   423.74007220216606        7.1661625134992991E-004
   425.35740072202162        7.0129682352969281E-004
   426.97472924187724        6.8508888346028901E-004
   428.59205776173280        6.6800034984315084E-004
   430.20938628158842        6.5005284051413846E-004
   431.82671480144404        6.3128118803308078E-004
   433.44404332129960        6.1173274850136248E-004
   435.06137184115522        5.9146651678417298E-004
   436.67870036101078        5.7055206565634407E-004
   438.29602888086640        5.4906833031212877E-004
   439.91335740072202        5.2710226305663257E-004
   441.53068592057758        5.0474738572444105E-004
   443.14801444043320        4.8210226936614851E-004
   444.76534296028876        4.5926897194808683E-004
   446.38267148014438        4.3635146519432661E-004
   447.99999999999994        4.1345408126135236E-004
   449.61732851985556        3.9068000870113797E-004
   451.23465703971118        3.6812986519126897E-004
   452.85198555956674        3.4590037186867594E-004
   454.46931407942236        3.2408315089499601E-004
   456.08664259927792        3.0276366422105012E-004
   457.70397111913354        2.8202030753160518E-004
   459.32129963898916        2.6192366917192014E-004
   460.93862815884472        2.4253595961785382E-004
   462.55595667870034        2.2391061288102394E-004
   464.17328519855590        2.0609205726024015E-004
   465.79061371841152        1.8911564916804225E-004
   467.40794223826714        1.7300776046852672E-004
   469.02527075812270        1.5778600693280902E-004
   470.64259927797832        1.4345960310467237E-004
   472.25992779783388        1.3002982710345605E-004
   473.87725631768950        1.1749057768591575E-004
   475.49458483754512        1.0582900523615326E-004
   477.11191335740068        9.5026198227495488E-005
   478.72924187725630        8.5057907062025719E-005
   480.34657039711186        7.5895287989299174E-005
   481.96389891696748        6.7505650973139636E-005
   483.58122743682310        5.9853196845529444E-005
   485.19855595667866        5.2899730787311290E-005
   486.81588447653428        4.6605341034350091E-005
   488.43321299638984        4.0929033654784370E-005
   490.05054151624546        3.5829316212478780E-005
   491.66787003610102        3.1264725064671881E-005
   493.28519855595664        2.7194292886741689E-005
   494.90252707581226        2.3577954731478498E-005
   496.51985559566782        2.0376892480878683E-005
   498.13718411552344        1.7553818911249036E-005
   499.75451263537900        1.5073203752248659E-005
   501.37184115523462        1.2901445070700241E-005
   502.98916967509024        1.1006990051392907E-005
   504.60649819494580        9.3604097869371326E-006
   506.22382671480142        7.9344330396553891E-006
   507.84115523465698        6.7039441172561200E-006
   509.45848375451260        5.6459500303926777E-006
   511.07581227436822        4.7395219957654996E-006
   512.69314079422384        3.9657161356233169E-006
   514.31046931407934        3.3074779257592354E-006
   515.92779783393496        2.7495345809489820E-006
   517.54512635379058        2.2782791594037012E-006
   519.16245487364620        1.8816497344803002E-006
   520.77978339350182        1.5490065387013322E-006
   522.39711191335732        1.2710095457938803E-006
   524.01444043321294        1.0394985322505781E-006
   525.63176895306856        8.4737725973477802E-007
   527.24909747292418        6.8850305011093421E-007
   528.86642599277980        5.5758269050651190E-007
   530.48375451263530        4.5007530925734454E-007
   532.10108303249092        3.6210260589747696E-007
   533.71841155234654        2.9036659921729876E-007
   535.33574007220216        2.3207487543247706E-007
   536.95306859205778        1.8487317144901585E-007
   538.57039711191328        1.4678501324125637E-007
   540.18772563176890        1.1615804325360719E-007
   541.80505415162452        9.1616610056303174E-008
   543.42238267148014        7.2020154736623521E-008
   545.03971119133575        5.6426908263622319E-008
   546.65703971119126        4.4062409063348551E-008
   548.27436823104688        3.4292357254366421E-008
   549.89169675090250        2.6599338673368592E-008
   551.50902527075812        2.0562975530646202E-008
   553.12635379061373        1.5843089158740519E-008
   554.74368231046924        1.2165492056261010E-008
   556.36101083032486        9.3100597894765532E-009
   557.97833935018048        7.1007670882525617E-009
   559.59566787003610        5.3974057104637840E-009
   561.21299638989171        4.0887336305146007E-009
   562.83032490974722        3.0868353133308876E-009
   564.44765342960284        2.3225009155201087E-009
   566.06498194945846        1.7414580019559365E-009
   567.68231046931407        1.3013126849595647E-009
   569.29963898916958        9.6907798086293552E-010
   570.91696750902520        7.1918570006046468E-010
   572.53429602888082        5.3189445676759750E-010
   574.15162454873644        3.9202055297590501E-010
   575.76895306859205        2.8793072816969777E-010
   577.38628158844756        2.1074625364994173E-010
   579.00361010830318        1.5371677173955842E-010
   580.62093862815880        1.1172981596009746E-010
   582.23826714801442        8.0928270494933692E-011
   583.85559566787003        5.8413296606160394E-011
   585.47292418772554        4.2014617651184142E-011
   587.09025270758116        3.0113646260588891E-011
   588.70758122743678        2.1507875958045025E-011
   590.32490974729239        1.5307349741312597E-011
   591.94223826714801        1.0855951140924065E-011
   593.55956678700352        7.6718177288066620E-012
   595.17689530685914        5.4024202099171564E-012
   596.79422382671476        3.7908390532114256E-012
   598.41155234657037        2.6505529466081139E-012
   600.02888086642599        1.8466690642733461E-012
   601.64620938628150        1.2820071899013143E-012
   603.26353790613712        8.8682522430343864E-013
   604.88086642599274        6.1126459875250379E-013
   606.49819494584835        4.1981849945311448E-013
   608.11552346570397        2.8729797175320966E-013
   609.73285198555948        1.9590241901536666E-013
   611.35018050541510        1.3310088075029202E-013
   612.96750902527072        9.0105986102584744E-014
   614.58483754512633        6.0779298873866468E-014
   616.20216606498195        4.0849321769098494E-014
   617.81949458483746        2.7355142588476572E-014
   619.43682310469308        1.8252232030719222E-014
   621.05415162454869        1.2134273879174045E-014
   622.67148014440431        8.0376745544339729E-015
   624.28880866425993        5.3047375708986916E-015
   625.90613718411544        3.4882881360682956E-015
   627.52346570397106        2.2854614849655974E-015
   629.14079422382667        1.4919242356088368E-015
   630.75812274368229        9.7035172507612544E-016
   632.37545126353791        6.2881000000688415E-016
   633.99277978339342        4.0599050873100351E-016
   635.61010830324904        2.6116615245585260E-016
   637.22743682310465        1.6738668227357276E-016
   638.84476534296027        1.0688736905246599E-016
   640.46209386281589        6.8003594339547422E-017
   642.07942238267140        4.3105819416671263E-017
   643.69675090252701        2.7223070184917329E-017
   645.31407942238263        1.7129082690391178E-017
   646.93140794223825        1.0738054396095631E-017
   648.54873646209387        6.7067220579704412E-018
   650.16606498194938        4.1733710160301597E-018
   651.78339350180499        2.5873457099163663E-018
   653.40072202166061        1.5981279328823117E-018
   655.01805054151623        9.8346093170053836E-019
   656.63537906137185        6.0296218762875425E-019
   658.25270758122736        3.6830649827318974E-019
   659.87003610108297        2.2413722839500445E-019
   661.48736462093859        1.3589482922887157E-019
   663.10469314079421        8.2087158848003304E-020
   664.72202166064983        4.9400340493210500E-020
   666.33935018050533        2.9618713047395197E-020
   667.95667870036095        1.7692250386287731E-020
   669.57400722021657        1.0528821807306194E-020
   671.19133574007219        6.2424556006706581E-021
   672.80866425992781        3.6873073996246715E-021
   674.42599277978331        2.1699046878048968E-021
   676.04332129963893        1.2721802830390117E-021
   677.66064981949455        7.4307497364234486E-022
   679.27797833935017        4.3240617524308567E-022
   680.89530685920568        2.5068349885818167E-022
   682.51263537906129        1.4478833232748306E-022
   684.12996389891691        8.3313372432503125E-023
   685.74729241877253        4.7760469383916364E-023
   687.36462093862815        2.7276873770068678E-023
   688.98194945848365        1.5520016168320856E-023
   690.59927797833927        8.7975301412835939E-024
   692.21660649819489        4.9682088609783745E-024
   693.83393501805051        2.7951743391514558E-024
   695.45126353790613        1.5667057365175112E-024
   697.06859205776163        8.7485275490668575E-025
   698.68592057761725        4.8668843548326364E-025
   700.30324909747287        2.6973367773554270E-025
   701.92057761732849        1.4893163968453952E-025
   703.53790613718411        8.1923028422764962E-026
   705.15523465703961        4.4894366777744852E-026
   706.77256317689523        2.4510046467661950E-026
   708.38989169675085        1.3330992125545252E-026
   710.00722021660647        7.2234803454523842E-027
   711.62454873646209        3.8993826114106859E-027
   713.24187725631759        2.0970568052503465E-027
   714.85920577617321        1.1235417014681867E-027
   716.47653429602883        5.9969790932779826E-028
   718.09386281588445        3.1888926552395754E-028
   719.71119133574007        1.6893163796652166E-028
   721.32851985559557        8.9154962852721688E-029
   722.94584837545119        4.6875208359933247E-029
   724.56317689530681        2.4552955993239448E-029
   726.18050541516243        1.2812296608290725E-029
   727.79783393501805        6.6605877446933088E-030
   729.41516245487355        3.4495325695012694E-030
   731.03249097472917        1.7797943947519118E-030
   732.64981949458479        9.1483143543710051E-031
   734.26714801444041        4.6846134644738014E-031
   735.88447653429603        2.3898336337044959E-031
   737.50180505415153        1.2145701177473265E-031
   739.11913357400715        6.1494791102780616E-032
   740.73646209386277        3.1018064220200052E-032
   742.35379061371839        1.5586603398677819E-032
   743.97111913357401        7.8027650716825261E-033
   745.58844765342951        3.8913980236134974E-033
   747.20577617328513        1.9334043134251959E-033
   748.82310469314075        9.5697249197568501E-034
   750.44043321299637        4.7188460394426931E-034
   752.05776173285199        2.3180969219684309E-034
   753.67509025270749        1.1344533767146100E-034
   755.29241877256311        5.5309642221356450E-035
   756.90974729241873        2.6864208022855803E-035
   758.52707581227435        1.2998884793526656E-035
   760.14440433212997        6.2660935895173230E-036
   761.76173285198547        3.0091668056921444E-036
   763.37906137184109        1.4396407393523552E-036
   764.99638989169671        6.8615203375141464E-037
   766.61371841155233        3.2579531025381437E-037
   768.23104693140795        1.5410879946308103E-037
   769.84837545126345        7.2621977978260519E-038
   771.46570397111907        3.4093111026890711E-038
   773.08303249097469        1.5944944582354390E-038
   774.70036101083031        7.4291156593712968E-039
   776.31768953068581        3.4483302701269468E-039
   777.93501805054143        1.5945499446106515E-039
   779.55234657039705        7.3455589364711641E-040
   781.16967509025267        3.3710790045282744E-040
   782.78700361010829        1.5412400742931796E-040
   784.40433212996379        7.0198664931709509E-041
   786.02166064981941        3.1852573903772320E-041
   787.63898916967503        1.4398500141780795E-041
   789.25631768953065        6.4840588506058634E-042
   790.87364620938627        2.9089318010354886E-042
   792.49097472924177        1.3001006052297983E-042
   794.10830324909739        5.7886480318614043E-043
   795.72563176895301        2.5676393617803290E-043
   797.34296028880863        1.1346124380130414E-043
   798.96028880866425        4.9947945471554073E-044
   800.57761732851975        2.1905049147451503E-044
   802.19494584837537        9.5703383418566817E-045
   803.81227436823099        4.1654962967267299E-045
   805.42960288808661        1.8061863708256616E-045
   807.04693140794222        7.8021566153688762E-046
   808.66425992779773        3.3575540356202156E-046
   810.28158844765335        1.4394200661323434E-046
   811.89891696750897        6.1476373643661070E-047
   813.51624548736459        2.6156825257772929E-047
   815.13357400722020        1.1087097745791116E-047
   816.75090252707571        4.6817339874884459E-048
   818.36823104693133        1.9694799369114461E-048
   819.98555956678695        8.2537691321992778E-049
   821.60288808664257        3.4459499221594256E-049
   823.22021660649818        1.4332483711876569E-049
   824.83754512635369        5.9386778158003672E-050
   826.45487364620931        2.4513981196698875E-050
   828.07220216606493        1.0080769243510789E-050
   829.68953068592054        4.1298017595349528E-051
   831.30685920577616        1.6854676047665980E-051
   832.92418772563167        6.8527873478532864E-052
   834.54151624548729        2.7756820076973883E-052
   836.15884476534291        1.1200250712840425E-052
   837.77617328519852        4.5023715099400419E-053
   839.39350180505414        1.8030610491984080E-053
   841.01083032490965        7.1934135426345377E-054
   842.62815884476527        2.8590061550825446E-054
   844.24548736462089        1.1320108557179105E-054
   845.86281588447650        4.4652060710057171E-055
   847.48014440433212        1.7546391294920053E-055
   849.09747292418763        6.8689361325674606E-056
   850.71480144404325        2.6788382263242161E-056
   852.33212996389886        1.0407797053437185E-056
   853.94945848375448        4.0283429685903980E-057
   855.56678700361010        1.5532785220371681E-057
   857.18411552346561        5.9666077658926326E-058
   858.80144404332123        2.2832889471475907E-058
   860.41877256317684        8.7046131151363672E-059
   862.03610108303246        3.3059270538991328E-059
   863.65342960288808        1.2508125656584817E-059
   865.27075812274359        4.7146163944090059E-060
   866.88808664259921        1.7703357050946725E-060
   868.50541516245482        6.6224702770390173E-061
   870.12274368231044        2.4679679365140781E-061
   871.74007220216606        9.1625023348338331E-062
   873.35740072202157        3.3887829833968123E-062
   874.97472924187718        1.2486147924651548E-062
   876.59205776173280        4.5831939688720712E-063
   878.20938628158842        1.6759576072553456E-063
   879.82671480144404        6.1053819127927380E-064
   881.44404332129955        2.2157341125122632E-064
   883.06137184115516        8.0108286137034300E-065
   884.67870036101078        2.8853082137596168E-065
   886.29602888086640        1.0352898266075832E-065
   887.91335740072191        3.7007234412182777E-066
   889.53068592057753        1.3178508289891107E-066
   891.14801444043314        4.6752065632801284E-067
   892.76534296028876        1.6523051984960338E-067
   894.38267148014438        5.8174765188683137E-068
   895.99999999999989        2.0404873304411034E-068

